      1    5.7989764E-03    5.5219171E-03    9.5222272E-01
      2    5.7989764E-03    5.4411191E-03    9.3828958E-01
      3    5.7989764E-03    4.1972405E-03    7.2378989E-01
      4    5.7989764E-03    3.1176472E-03    5.3762026E-01
      5    5.7989764E-03    3.1952512E-03    5.5100262E-01
      6    5.7989764E-03    2.5014611E-03    4.3136252E-01
      7    5.7989764E-03    1.9921996E-03    3.4354332E-01
      8    5.7989764E-03    1.7086852E-03    2.9465289E-01
      9    5.7989764E-03    1.7474276E-03    3.0133381E-01
     10    5.7989764E-03    1.2598655E-03    2.1725652E-01
     11    5.7989764E-03    1.1603877E-03    2.0010216E-01
     12    5.7989764E-03    1.0327003E-03    1.7808321E-01
     13    5.7989764E-03    9.8632257E-04    1.7008563E-01
     14    5.7989764E-03    7.4265481E-04    1.2806653E-01
     15    5.7989764E-03    6.9713519E-04    1.2021694E-01
     16    5.7989764E-03    6.2335668E-04    1.0749426E-01
     17    5.7989764E-03    5.7040376E-04    9.8362836E-02
     18    5.7989764E-03    4.4958393E-04    7.7528153E-02
     19    5.7989764E-03    4.1313702E-04    7.1243093E-02
     20    5.7989764E-03    3.8583704E-04    6.6535370E-02
     21    5.7989764E-03    3.2751767E-04    5.6478531E-02
     22    5.7989764E-03    2.7816278E-04    4.7967565E-02
     23    5.7989764E-03    2.4773697E-04    4.2720810E-02
     24    5.7989764E-03    2.3900109E-04    4.1214357E-02
     25    5.7989764E-03    1.9462026E-04    3.3561141E-02
     26    5.7989764E-03    1.7407445E-04    3.0018133E-02
     27    5.7989764E-03    1.5200596E-04    2.6212550E-02
     28    5.7989764E-03    1.4392680E-04    2.4819345E-02
     29    5.7989764E-03    1.1841048E-04    2.0419203E-02
     30    5.7989764E-03    1.0573764E-04    1.8233846E-02
     31    5.7989764E-03    9.5630396E-05    1.6490910E-02
     32    5.7989764E-03    8.8767740E-05    1.5307484E-02
     33    5.7989764E-03    7.6217019E-05    1.3143185E-02
     34    5.7989764E-03    6.4221058E-05    1.1074551E-02
     35    5.7989764E-03    6.1520072E-05    1.0608781E-02
     36    5.7989764E-03    5.1703168E-05    8.9159129E-03
     37    5.7989764E-03    4.6944616E-05    8.0953279E-03
     38    5.7989764E-03    3.8909455E-05    6.7097109E-03
     39    5.7989764E-03    3.8129706E-05    6.5752477E-03
     40    5.7989764E-03    3.1418155E-05    5.4178793E-03
     41    5.7989764E-03    2.7711454E-05    4.7786803E-03
     42    5.7989764E-03    2.4392948E-05    4.2064231E-03
     43    5.7989764E-03    2.1742510E-05    3.7493704E-03
     44    5.7989764E-03    2.0065934E-05    3.4602545E-03
     45    5.7989764E-03    1.6165563E-05    2.7876580E-03
     46    5.7989764E-03    1.5649561E-05    2.6986765E-03
     47    5.7989764E-03    1.3362074E-05    2.3042126E-03
     48    5.7989764E-03    1.2182171E-05    2.1007450E-03
     49    5.7989764E-03    1.0032600E-05    1.7300639E-03
     50    5.7989764E-03    9.3106300E-06    1.6055644E-03
     51    5.7989764E-03    8.3861926E-06    1.4461505E-03
     52    5.7989764E-03    7.0278464E-06    1.2119115E-03
     53    5.7989764E-03    6.4472028E-06    1.1117829E-03
     54    5.7989764E-03    5.4651457E-06    9.4243282E-04
     55    5.7989764E-03    5.3354707E-06    9.2007111E-04
     56    5.7989764E-03    4.2637232E-06    7.3525445E-04
     57    5.7989764E-03    3.9781704E-06    6.8601251E-04
     58    5.7989764E-03    3.4641238E-06    5.9736816E-04
     59    5.7989764E-03    3.2022253E-06    5.5220526E-04
     60    5.7989764E-03    2.7971730E-06    4.8235634E-04
     61    5.7989764E-03    2.3500261E-06    4.0524843E-04
     62    5.7989764E-03    2.2474198E-06    3.8755458E-04
     63    5.7989764E-03    1.8786518E-06    3.2396266E-04
     64    5.7989764E-03    1.7173180E-06    2.9614157E-04
     65    5.7989764E-03    1.4231448E-06    2.4541311E-04
     66    5.7989764E-03    1.3551509E-06    2.3368794E-04
     67    5.7989764E-03    1.1764257E-06    2.0286782E-04
     68    5.7989764E-03    1.0075089E-06    1.7373910E-04
     69    5.7989764E-03    9.1932852E-07    1.5853290E-04
     70    5.7989764E-03    8.0699960E-07    1.3916242E-04
     71    5.7989764E-03    7.5935720E-07    1.3094677E-04
     72    5.7989764E-03    6.4030118E-07    1.1041624E-04
     73    5.7989764E-03    5.7114344E-07    9.8490389E-05
     74    5.7989764E-03    5.1852724E-07    8.9417029E-05
     75    5.7989764E-03    4.5028561E-07    7.7649154E-05
     76    5.7989764E-03    4.0268726E-07    6.9441093E-05
     77    5.7989764E-03    3.3956672E-07    5.8556320E-05
     78    5.7989764E-03    3.2044630E-07    5.5259114E-05
     79    5.7989764E-03    2.7312231E-07    4.7098366E-05
     80    5.7989764E-03    2.4359412E-07    4.2006399E-05
     81    5.7989764E-03    2.1496115E-07    3.7068809E-05
     82    5.7989764E-03    1.9205038E-07    3.3117979E-05
     83    5.7989764E-03    1.7161768E-07    2.9594477E-05
     84    5.7989764E-03    1.4416173E-07    2.4859858E-05
     85    5.7989764E-03    1.3307885E-07    2.2948679E-05
     86    5.7989764E-03    1.1648725E-07    2.0087553E-05
     87    5.7989764E-03    1.0347640E-07    1.7843907E-05
     88    5.7989764E-03    9.1116479E-08    1.5712511E-05
     89    5.7989764E-03    7.9754878E-08    1.3753268E-05
     90    5.7989764E-03    7.3852345E-08    1.2735411E-05
     91    5.7989764E-03    6.2476468E-08    1.0773706E-05
     92    5.7989764E-03    5.6733610E-08    9.7833835E-06
     93    5.7989764E-03    4.9389363E-08    8.5169106E-06
     94    5.7989764E-03    4.4531273E-08    7.6791609E-06
     95    5.7989764E-03    3.9180959E-08    6.7565302E-06
     96    5.7989764E-03    3.3531266E-08    5.7822731E-06
     97    5.7989764E-03    3.1248356E-08    5.3885985E-06
     98    5.7989764E-03    2.6911239E-08    4.6406877E-06
     99    5.7989764E-03    2.4351505E-08    4.1992765E-06
    100    5.7989764E-03    2.0738543E-08    3.5762421E-06
    101    5.7989764E-03    1.9183809E-08    3.3081371E-06
    102    5.7989764E-03    1.6842656E-08    2.9044188E-06
    103    5.7989764E-03    1.4884345E-08    2.5667193E-06
    104    5.7989764E-03    1.3102619E-08    2.2594710E-06
    105    5.7989764E-03    1.1507427E-08    1.9843893E-06
    106    5.7989764E-03    1.0477615E-08    1.8068042E-06
    107    5.7989764E-03    8.9839055E-09    1.5492226E-06
    108    5.7989764E-03    8.0831981E-09    1.3939009E-06
    109    5.7989764E-03    7.2953515E-09    1.2580412E-06
    110    5.7989764E-03    6.6053599E-09    1.1390562E-06
    111    5.7989764E-03    5.8579728E-09    1.0101736E-06
    112    5.7989764E-03    5.0398350E-09    8.6909046E-07
    113    5.7989764E-03    4.5943950E-09    7.9227689E-07
    114    5.7989764E-03    4.0017099E-09    6.9007177E-07
    115    5.7989764E-03    3.5783145E-09    6.1705967E-07
    116    5.7989764E-03    3.0945903E-09    5.3364424E-07
    117    5.7989764E-03    2.7785990E-09    4.7915336E-07
    118    5.7989764E-03    2.4865290E-09    4.2878757E-07
    119    5.7989764E-03    2.1703147E-09    3.7425824E-07
    120    5.7989764E-03    1.8844303E-09    3.2495912E-07
    121    5.7989764E-03    1.6948474E-09    2.9226665E-07
    122    5.7989764E-03    1.5128248E-09    2.6087790E-07
    123    5.7989764E-03    1.3214278E-09    2.2787260E-07
    124    5.7989764E-03    1.1705571E-09    2.0185580E-07
    125    5.7989764E-03    1.0323572E-09    1.7802404E-07
    126    5.7989764E-03    9.2185898E-10    1.5896926E-07
    127    5.7989764E-03    8.0110889E-10    1.3814660E-07
    128    5.7989764E-03    7.1155710E-10    1.2270391E-07
    129    5.7989764E-03    6.3443608E-10    1.0940484E-07
    130    5.7989764E-03    5.6613280E-10    9.7626333E-08
    131    5.7989764E-03    4.9775598E-10    8.5835145E-08
    132    5.7989764E-03    4.3650564E-10    7.5272878E-08
    133    5.7989764E-03    3.9112880E-10    6.7447903E-08
    134    5.7989764E-03    3.4746268E-10    5.9917933E-08
    135    5.7989764E-03    3.0386413E-10    5.2399615E-08
    136    5.7989764E-03    2.7078051E-10    4.6694536E-08
    137    5.7989764E-03    2.4167434E-10    4.1675345E-08
    138    5.7989764E-03    2.1415173E-10    3.6929230E-08
    139    5.7989764E-03    1.8878770E-10    3.2555349E-08
    140    5.7989764E-03    1.6688928E-10    2.8779093E-08
    141    5.7989764E-03    1.4944744E-10    2.5771347E-08
    142    5.7989764E-03    1.3269974E-10    2.2883305E-08
    143    5.7989764E-03    1.1627050E-10    2.0050177E-08
    144    5.7989764E-03    1.0289791E-10    1.7744150E-08
    145    5.7989764E-03    9.2053960E-11    1.5874174E-08
    146    5.7989764E-03    8.0446180E-11    1.3872479E-08
    147    5.7989764E-03    7.0844922E-11    1.2216798E-08
    148    5.7989764E-03    6.1643201E-11    1.0630014E-08
    149    5.7989764E-03    5.5814576E-11    9.6249013E-09
      1    5.7989764E-03    1.1433193E-07    1.9715881E-05
      2    5.7989764E-03    8.8415592E-08    1.5246758E-05
      3    5.7989764E-03    5.7876731E-08    9.9805080E-06
      4    5.7989764E-03    4.0309329E-08    6.9511111E-06
      5    5.7989764E-03    3.7048912E-08    6.3888710E-06
      6    5.7989764E-03    2.9317186E-08    5.0555795E-06
      7    5.7989764E-03    2.8353200E-08    4.8893457E-06
      8    5.7989764E-03    2.4854711E-08    4.2860515E-06
      9    5.7989764E-03    1.9344644E-08    3.3358723E-06
     10    5.7989764E-03    1.9580221E-08    3.3764960E-06
     11    5.7989764E-03    1.4424946E-08    2.4874987E-06
     12    5.7989764E-03    1.4911191E-08    2.5713489E-06
     13    5.7989764E-03    1.1467400E-08    1.9774870E-06
     14    5.7989764E-03    1.0469453E-08    1.8053967E-06
     15    5.7989764E-03    9.2650368E-09    1.5977021E-06
     16    5.7989764E-03    7.5135851E-09    1.2956744E-06
     17    5.7989764E-03    7.7483133E-09    1.3361519E-06
     18    5.7989764E-03    5.9382408E-09    1.0240153E-06
     19    5.7989764E-03    6.1722679E-09    1.0643720E-06
     20    5.7989764E-03    4.7155745E-09    8.1317359E-07
     21    5.7989764E-03    4.5904604E-09    7.9159839E-07
     22    5.7989764E-03    3.6719360E-09    6.3320417E-07
     23    5.7989764E-03    3.2804334E-09    5.6569180E-07
     24    5.7989764E-03    2.8454236E-09    4.9067686E-07
     25    5.7989764E-03    2.6401131E-09    4.5527227E-07
     26    5.7989764E-03    2.3278745E-09    4.0142852E-07
     27    5.7989764E-03    2.0597736E-09    3.5519606E-07
     28    5.7989764E-03    1.8620821E-09    3.2110532E-07
     29    5.7989764E-03    1.5057198E-09    2.5965268E-07
     30    5.7989764E-03    1.4148599E-09    2.4398443E-07
     31    5.7989764E-03    1.1727928E-09    2.0224134E-07
     32    5.7989764E-03    1.1454881E-09    1.9753280E-07
     33    5.7989764E-03    9.4505225E-10    1.6296880E-07
     34    5.7989764E-03    9.0292632E-10    1.5570443E-07
     35    5.7989764E-03    7.3644492E-10    1.2699567E-07
     36    5.7989764E-03    6.8404405E-10    1.1795945E-07
     37    5.7989764E-03    5.8433467E-10    1.0076514E-07
     38    5.7989764E-03    5.2348788E-10    9.0272462E-08
     39    5.7989764E-03    4.6091816E-10    7.9482675E-08
     40    5.7989764E-03    4.1068616E-10    7.0820457E-08
     41    5.7989764E-03    3.5984613E-10    6.2053388E-08
     42    5.7989764E-03    3.2418130E-10    5.5903193E-08
     43    5.7989764E-03    2.8067880E-10    4.8401439E-08
     44    5.7989764E-03    2.5035242E-10    4.3171830E-08
     45    5.7989764E-03    2.1584080E-10    3.7220500E-08
     46    5.7989764E-03    1.8974879E-10    3.2721083E-08
     47    5.7989764E-03    1.6901179E-10    2.9145108E-08
     48    5.7989764E-03    1.4627375E-10    2.5224064E-08
     49    5.7989764E-03    1.3547198E-10    2.3361361E-08
     50    5.7989764E-03    1.1326551E-10    1.9531984E-08
     51    5.7989764E-03    1.0441782E-10    1.8006250E-08
     52    5.7989764E-03    8.7561869E-11    1.5099539E-08
     53    5.7989764E-03    7.9332955E-11    1.3680510E-08
     54    5.7989764E-03    6.8890703E-11    1.1879804E-08
     55    5.7989764E-03    6.1344655E-11    1.0578532E-08
     56    5.7989764E-03    5.5053207E-11    9.4936077E-09
      1    5.7989764E-03    3.7613035E-11    6.4861507E-09
      1    2.2788293E-02    4.6205987E-03    2.0276195E-01
      2    2.2788293E-02    3.9469112E-03    1.7319907E-01
      3    2.2788293E-02    3.4152275E-03    1.4986763E-01
      4    2.2788293E-02    4.2626567E-03    1.8705468E-01
      5    2.2788293E-02    4.2293395E-03    1.8559264E-01
      6    2.2788293E-02    3.7928940E-03    1.6644046E-01
      7    2.2788293E-02    3.1777382E-03    1.3944609E-01
      8    2.2788293E-02    2.5876245E-03    1.1355061E-01
      9    2.2788293E-02    2.4281912E-03    1.0655433E-01
     10    2.2788293E-02    2.0593556E-03    9.0369017E-02
     11    2.2788293E-02    1.6828470E-03    7.3846996E-02
     12    2.2788293E-02    1.7483401E-03    7.6720980E-02
     13    2.2788293E-02    1.5001442E-03    6.5829600E-02
     14    2.2788293E-02    1.1613204E-03    5.0961271E-02
     15    2.2788293E-02    1.0299216E-03    4.5195207E-02
     16    2.2788293E-02    9.9486627E-04    4.3656902E-02
     17    2.2788293E-02    9.7149553E-04    4.2631343E-02
     18    2.2788293E-02    7.6864704E-04    3.3729909E-02
     19    2.2788293E-02    6.3951517E-04    2.8063321E-02
     20    2.2788293E-02    6.2191468E-04    2.7290973E-02
     21    2.2788293E-02    5.4037434E-04    2.3712805E-02
     22    2.2788293E-02    4.7594174E-04    2.0885362E-02
     23    2.2788293E-02    4.1331186E-04    1.8137026E-02
     24    2.2788293E-02    3.6699781E-04    1.6104665E-02
     25    2.2788293E-02    3.1243570E-04    1.3710360E-02
     26    2.2788293E-02    2.8378716E-04    1.2453200E-02
     27    2.2788293E-02    2.4119230E-04    1.0584044E-02
     28    2.2788293E-02    2.2699444E-04    9.9610110E-03
     29    2.2788293E-02    2.0208180E-04    8.8677903E-03
     30    2.2788293E-02    1.6746295E-04    7.3486395E-03
     31    2.2788293E-02    1.5107283E-04    6.6294052E-03
     32    2.2788293E-02    1.3996319E-04    6.1418902E-03
     33    2.2788293E-02    1.2990443E-04    5.7004896E-03
     34    2.2788293E-02    1.0432298E-04    4.5779199E-03
     35    2.2788293E-02    9.3947929E-05    4.1226401E-03
     36    2.2788293E-02    8.8514267E-05    3.8841991E-03
     37    2.2788293E-02    7.1854697E-05    3.1531409E-03
     38    2.2788293E-02    6.8741016E-05    3.0165058E-03
     39    2.2788293E-02    5.8329710E-05    2.5596349E-03
     40    2.2788293E-02    5.3339008E-05    2.3406321E-03
     41    2.2788293E-02    4.5581073E-05    2.0001969E-03
     42    2.2788293E-02    4.1334405E-05    1.8138439E-03
     43    2.2788293E-02    3.6051602E-05    1.5820229E-03
     44    2.2788293E-02    3.2772856E-05    1.4381444E-03
     45    2.2788293E-02    2.8878743E-05    1.2672623E-03
     46    2.2788293E-02    2.4117839E-05    1.0583434E-03
     47    2.2788293E-02    2.3061118E-05    1.0119722E-03
     48    2.2788293E-02    2.0264381E-05    8.8924526E-04
     49    2.2788293E-02    1.7900707E-05    7.8552208E-04
     50    2.2788293E-02    1.4925988E-05    6.5498490E-04
     51    2.2788293E-02    1.3665471E-05    5.9967068E-04
     52    2.2788293E-02    1.2423846E-05    5.4518548E-04
     53    2.2788293E-02    1.0573909E-05    4.6400621E-04
     54    2.2788293E-02    1.0209412E-05    4.4801127E-04
     55    2.2788293E-02    8.5453100E-06    3.7498684E-04
     56    2.2788293E-02    7.7329946E-06    3.3934067E-04
     57    2.2788293E-02    6.6747484E-06    2.9290252E-04
     58    2.2788293E-02    5.8358463E-06    2.5608967E-04
     59    2.2788293E-02    5.4480918E-06    2.3907415E-04
     60    2.2788293E-02    4.6864015E-06    2.0564952E-04
     61    2.2788293E-02    4.2331781E-06    1.8576109E-04
     62    2.2788293E-02    3.4975020E-06    1.5347802E-04
     63    2.2788293E-02    3.3101322E-06    1.4525582E-04
     64    2.2788293E-02    2.8609035E-06    1.2554269E-04
     65    2.2788293E-02    2.4638847E-06    1.0812064E-04
     66    2.2788293E-02    2.2667122E-06    9.9468278E-05
     67    2.2788293E-02    1.9893641E-06    8.7297639E-05
     68    2.2788293E-02    1.7511932E-06    7.6846177E-05
     69    2.2788293E-02    1.5101402E-06    6.6268247E-05
     70    2.2788293E-02    1.4383351E-06    6.3117283E-05
     71    2.2788293E-02    1.1835185E-06    5.1935374E-05
     72    2.2788293E-02    1.0815552E-06    4.7461004E-05
     73    2.2788293E-02    9.4757745E-07    4.1581766E-05
     74    2.2788293E-02    8.3876968E-07    3.6807044E-05
     75    2.2788293E-02    7.7288986E-07    3.3916093E-05
     76    2.2788293E-02    6.4730798E-07    2.8405286E-05
     77    2.2788293E-02    5.8592124E-07    2.5711502E-05
     78    2.2788293E-02    5.1134681E-07    2.2439014E-05
     79    2.2788293E-02    4.7461318E-07    2.0827062E-05
     80    2.2788293E-02    4.0528534E-07    1.7784805E-05
     81    2.2788293E-02    3.6155299E-07    1.5865734E-05
     82    2.2788293E-02    3.2764306E-07    1.4377692E-05
     83    2.2788293E-02    2.7457620E-07    1.2049003E-05
     84    2.2788293E-02    2.5195320E-07    1.1056256E-05
     85    2.2788293E-02    2.1864463E-07    9.5946035E-06
     86    2.2788293E-02    2.0093733E-07    8.8175684E-06
     87    2.2788293E-02    1.6831266E-07    7.3859268E-06
     88    2.2788293E-02    1.5504702E-07    6.8038016E-06
     89    2.2788293E-02    1.3557318E-07    5.9492471E-06
     90    2.2788293E-02    1.1900704E-07    5.2222884E-06
     91    2.2788293E-02    1.1062193E-07    4.8543317E-06
     92    2.2788293E-02    9.0761206E-08    3.9827997E-06
     93    2.2788293E-02    8.5973720E-08    3.7727144E-06
     94    2.2788293E-02    7.3209176E-08    3.2125784E-06
     95    2.2788293E-02    6.5312542E-08    2.8660569E-06
     96    2.2788293E-02    5.7771666E-08    2.5351467E-06
     97    2.2788293E-02    5.0837715E-08    2.2308699E-06
     98    2.2788293E-02    4.6185817E-08    2.0267344E-06
     99    2.2788293E-02    3.8344356E-08    1.6826340E-06
    100    2.2788293E-02    3.6794287E-08    1.6146136E-06
    101    2.2788293E-02    3.1228851E-08    1.3703901E-06
    102    2.2788293E-02    2.7890926E-08    1.2239147E-06
    103    2.2788293E-02    2.4306037E-08    1.0666019E-06
    104    2.2788293E-02    2.1606370E-08    9.4813465E-07
    105    2.2788293E-02    1.9312977E-08    8.4749558E-07
    106    2.2788293E-02    1.6759486E-08    7.3544280E-07
    107    2.2788293E-02    1.5288598E-08    6.7089703E-07
    108    2.2788293E-02    1.3150921E-08    5.7709111E-07
    109    2.2788293E-02    1.2143690E-08    5.3289161E-07
    110    2.2788293E-02    1.0807388E-08    4.7425178E-07
    111    2.2788293E-02    9.2727616E-09    4.0690901E-07
    112    2.2788293E-02    8.7379029E-09    3.8343824E-07
    113    2.2788293E-02    7.4487410E-09    3.2686700E-07
    114    2.2788293E-02    6.5793346E-09    2.8871556E-07
    115    2.2788293E-02    5.7415645E-09    2.5195237E-07
    116    2.2788293E-02    5.2378233E-09    2.2984711E-07
    117    2.2788293E-02    4.5557376E-09    1.9991571E-07
    118    2.2788293E-02    4.0027012E-09    1.7564726E-07
    119    2.2788293E-02    3.6726317E-09    1.6116309E-07
    120    2.2788293E-02    3.1174422E-09    1.3680016E-07
    121    2.2788293E-02    2.8415311E-09    1.2469259E-07
    122    2.2788293E-02    2.4964267E-09    1.0954865E-07
    123    2.2788293E-02    2.2172191E-09    9.7296411E-08
    124    2.2788293E-02    1.9693168E-09    8.6417916E-08
    125    2.2788293E-02    1.7477421E-09    7.6694737E-08
    126    2.2788293E-02    1.5238059E-09    6.6867926E-08
    127    2.2788293E-02    1.3619645E-09    5.9765975E-08
    128    2.2788293E-02    1.2258706E-09    5.3793877E-08
    129    2.2788293E-02    1.0403968E-09    4.5654882E-08
    130    2.2788293E-02    9.3961585E-10    4.1232393E-08
    131    2.2788293E-02    8.4027894E-10    3.6873273E-08
    132    2.2788293E-02    7.3629785E-10    3.2310356E-08
    133    2.2788293E-02    6.5083470E-10    2.8560047E-08
    134    2.2788293E-02    5.7932978E-10    2.5422255E-08
    135    2.2788293E-02    5.2151717E-10    2.2885311E-08
    136    2.2788293E-02    4.6211395E-10    2.0278568E-08
    137    2.2788293E-02    4.1263308E-10    1.8107240E-08
    138    2.2788293E-02    3.6635469E-10    1.6076443E-08
    139    2.2788293E-02    3.2060966E-10    1.4069051E-08
    140    2.2788293E-02    2.8517313E-10    1.2514019E-08
    141    2.2788293E-02    2.4630398E-10    1.0808356E-08
    142    2.2788293E-02    2.1889813E-10    9.6057273E-09
      1    2.2788293E-02    1.0409600E-06    4.5679598E-05
      2    2.2788293E-02    8.5816297E-07    3.7658064E-05
      3    2.2788293E-02    4.5601096E-07    2.0010756E-05
      4    2.2788293E-02    3.4397160E-07    1.5094224E-05
      5    2.2788293E-02    2.5078018E-07    1.1004782E-05
      6    2.2788293E-02    2.5549991E-07    1.1211894E-05
      7    2.2788293E-02    2.5718633E-07    1.1285897E-05
      8    2.2788293E-02    2.1502846E-07    9.4359177E-06
      9    2.2788293E-02    1.8352688E-07    8.0535597E-06
     10    2.2788293E-02    1.7450783E-07    7.6577843E-06
     11    2.2788293E-02    1.4216324E-07    6.2384332E-06
     12    2.2788293E-02    1.3824048E-07    6.0662938E-06
     13    2.2788293E-02    1.0935048E-07    4.7985377E-06
     14    2.2788293E-02    9.5357874E-08    4.1845115E-06
     15    2.2788293E-02    8.3981533E-08    3.6852929E-06
     16    2.2788293E-02    6.9044350E-08    3.0298167E-06
     17    2.2788293E-02    6.2949934E-08    2.7623804E-06
     18    2.2788293E-02    5.5784705E-08    2.4479546E-06
     19    2.2788293E-02    5.5358443E-08    2.4292492E-06
     20    2.2788293E-02    4.3597447E-08    1.9131511E-06
     21    2.2788293E-02    4.1948206E-08    1.8407788E-06
     22    2.2788293E-02    3.2451418E-08    1.4240390E-06
     23    2.2788293E-02    3.0097663E-08    1.3207511E-06
     24    2.2788293E-02    2.6164758E-08    1.1481667E-06
     25    2.2788293E-02    2.4104011E-08    1.0577366E-06
     26    2.2788293E-02    2.2812688E-08    1.0010705E-06
     27    2.2788293E-02    1.9346949E-08    8.4898632E-07
     28    2.2788293E-02    1.7072964E-08    7.4919891E-07
     29    2.2788293E-02    1.4047973E-08    6.1645572E-07
     30    2.2788293E-02    1.2421636E-08    5.4508850E-07
     31    2.2788293E-02    1.1107303E-08    4.8741270E-07
     32    2.2788293E-02    1.0009319E-08    4.3923074E-07
     33    2.2788293E-02    9.3033530E-09    4.0825143E-07
     34    2.2788293E-02    7.7644143E-09    3.4071944E-07
     35    2.2788293E-02    7.0746697E-09    3.1045194E-07
     36    2.2788293E-02    5.8751022E-09    2.5781230E-07
     37    2.2788293E-02    5.1175361E-09    2.2456865E-07
     38    2.2788293E-02    4.6918405E-09    2.0588820E-07
     39    2.2788293E-02    3.9027113E-09    1.7125949E-07
     40    2.2788293E-02    3.8119818E-09    1.6727808E-07
     41    2.2788293E-02    3.1850457E-09    1.3976675E-07
     42    2.2788293E-02    3.0424589E-09    1.3350974E-07
     43    2.2788293E-02    2.5098465E-09    1.1013754E-07
     44    2.2788293E-02    2.2363167E-09    9.8134455E-08
     45    2.2788293E-02    1.9142600E-09    8.4001905E-08
     46    2.2788293E-02    1.7427247E-09    7.6474564E-08
     47    2.2788293E-02    1.5665729E-09    6.8744636E-08
     48    2.2788293E-02    1.3675136E-09    6.0009480E-08
     49    2.2788293E-02    1.2325968E-09    5.4089038E-08
     50    2.2788293E-02    1.0770815E-09    4.7264685E-08
     51    2.2788293E-02    9.1381296E-10    4.0100106E-08
     52    2.2788293E-02    8.3466748E-10    3.6627030E-08
     53    2.2788293E-02    6.8858442E-10    3.0216587E-08
     54    2.2788293E-02    6.4616600E-10    2.8355174E-08
     55    2.2788293E-02    5.5864409E-10    2.4514521E-08
     56    2.2788293E-02    5.1055122E-10    2.2404102E-08
     57    2.2788293E-02    4.3342782E-10    1.9019758E-08
     58    2.2788293E-02    3.8630753E-10    1.6952017E-08
     59    2.2788293E-02    3.3327760E-10    1.4624948E-08
     60    2.2788293E-02    2.9073520E-10    1.2758095E-08
     61    2.2788293E-02    2.6367805E-10    1.1570768E-08
     62    2.2788293E-02    2.2862673E-10    1.0032640E-08
     63    2.2788293E-02    2.0600537E-10    9.0399649E-09
      1    2.2788293E-02    1.4179075E-10    6.2220874E-09
      1    4.5016584E-02    8.4546273E-03    1.8781139E-01
      2    4.5016584E-02    5.9591669E-03    1.3237715E-01
      3    4.5016584E-02    4.3423558E-03    9.6461245E-02
      4    4.5016584E-02    2.9506997E-03    6.5546948E-02
      5    4.5016584E-02    3.1952588E-03    7.0979593E-02
      6    4.5016584E-02    3.2441647E-03    7.2065989E-02
      7    4.5016584E-02    2.7169023E-03    6.0353363E-02
      8    4.5016584E-02    2.4965036E-03    5.5457419E-02
      9    4.5016584E-02    2.1729240E-03    4.8269410E-02
     10    4.5016584E-02    2.1643435E-03    4.8078803E-02
     11    4.5016584E-02    1.4277081E-03    3.1715159E-02
     12    4.5016584E-02    1.7664807E-03    3.9240666E-02
     13    4.5016584E-02    2.0591719E-03    4.5742517E-02
     14    4.5016584E-02    1.4988635E-03    3.3295807E-02
     15    4.5016584E-02    1.0890345E-03    2.4191852E-02
     16    4.5016584E-02    1.1346931E-03    2.5206113E-02
     17    4.5016584E-02    1.2607708E-03    2.8006808E-02
     18    4.5016584E-02    1.0617733E-03    2.3586270E-02
     19    4.5016584E-02    7.1115913E-04    1.5797714E-02
     20    4.5016584E-02    6.4041550E-04    1.4226213E-02
     21    4.5016584E-02    6.4625018E-04    1.4355824E-02
     22    4.5016584E-02    5.3816040E-04    1.1954714E-02
     23    4.5016584E-02    4.4925809E-04    9.9798351E-03
     24    4.5016584E-02    3.7301088E-04    8.2860770E-03
     25    4.5016584E-02    3.1477263E-04    6.9923703E-03
     26    4.5016584E-02    2.5652007E-04    5.6983460E-03
     27    4.5016584E-02    2.4791283E-04    5.5071443E-03
     28    4.5016584E-02    1.9576932E-04    4.3488267E-03
     29    4.5016584E-02    1.7388387E-04    3.8626624E-03
     30    4.5016584E-02    1.6717953E-04    3.7137320E-03
     31    4.5016584E-02    1.2652948E-04    2.8107304E-03
     32    4.5016584E-02    1.0836723E-04    2.4072734E-03
     33    4.5016584E-02    1.1476179E-04    2.5493224E-03
     34    4.5016584E-02    1.0444123E-04    2.3200611E-03
     35    4.5016584E-02    8.2422363E-05    1.8309333E-03
     36    4.5016584E-02    7.6224748E-05    1.6932592E-03
     37    4.5016584E-02    7.1844143E-05    1.5959483E-03
     38    4.5016584E-02    6.2377922E-05    1.3856654E-03
     39    4.5016584E-02    5.8975435E-05    1.3100824E-03
     40    4.5016584E-02    5.5249630E-05    1.2273172E-03
     41    4.5016584E-02    4.8993700E-05    1.0883478E-03
     42    4.5016584E-02    4.2136694E-05    9.3602601E-04
     43    4.5016584E-02    3.8105851E-05    8.4648473E-04
     44    4.5016584E-02    3.4413897E-05    7.6447152E-04
     45    4.5016584E-02    3.0798475E-05    6.8415842E-04
     46    4.5016584E-02    2.7755952E-05    6.1657170E-04
     47    4.5016584E-02    2.2042916E-05    4.8966211E-04
     48    4.5016584E-02    1.9384416E-05    4.3060610E-04
     49    4.5016584E-02    1.8673677E-05    4.1481773E-04
     50    4.5016584E-02    1.5785518E-05    3.5066006E-04
     51    4.5016584E-02    1.2200724E-05    2.7102731E-04
     52    4.5016584E-02    1.1393622E-05    2.5309832E-04
     53    4.5016584E-02    1.0012363E-05    2.2241498E-04
     54    4.5016584E-02    8.2062221E-06    1.8229331E-04
     55    4.5016584E-02    7.3503924E-06    1.6328188E-04
     56    4.5016584E-02    7.0727601E-06    1.5711454E-04
     57    4.5016584E-02    5.7740036E-06    1.2826392E-04
     58    4.5016584E-02    4.8523957E-06    1.0779129E-04
     59    4.5016584E-02    4.7214828E-06    1.0488319E-04
     60    4.5016584E-02    4.1196560E-06    9.1514185E-05
     61    4.5016584E-02    3.6871070E-06    8.1905526E-05
     62    4.5016584E-02    3.3985419E-06    7.5495329E-05
     63    4.5016584E-02    2.8398308E-06    6.3084102E-05
     64    4.5016584E-02    2.6114822E-06    5.8011558E-05
     65    4.5016584E-02    2.4942800E-06    5.5408024E-05
     66    4.5016584E-02    2.2068000E-06    4.9021934E-05
     67    4.5016584E-02    1.8823127E-06    4.1813760E-05
     68    4.5016584E-02    1.8120963E-06    4.0253971E-05
     69    4.5016584E-02    1.5658207E-06    3.4783197E-05
     70    4.5016584E-02    1.3113351E-06    2.9130044E-05
     71    4.5016584E-02    1.2636420E-06    2.8070588E-05
     72    4.5016584E-02    1.1298715E-06    2.5099005E-05
     73    4.5016584E-02    9.2873476E-07    2.0630947E-05
     74    4.5016584E-02    8.0738554E-07    1.7935291E-05
     75    4.5016584E-02    7.4836933E-07    1.6624303E-05
     76    4.5016584E-02    6.4342240E-07    1.4293008E-05
     77    4.5016584E-02    5.4647953E-07    1.2139516E-05
     78    4.5016584E-02    4.9179289E-07    1.0924705E-05
     79    4.5016584E-02    4.0306354E-07    8.9536677E-06
     80    4.5016584E-02    3.7211281E-07    8.2661271E-06
     81    4.5016584E-02    3.2680789E-07    7.2597220E-06
     82    4.5016584E-02    2.7819403E-07    6.1798120E-06
     83    4.5016584E-02    2.4905136E-07    5.5324356E-06
     84    4.5016584E-02    2.2163575E-07    4.9234243E-06
     85    4.5016584E-02    1.8901500E-07    4.1987858E-06
     86    4.5016584E-02    1.6796194E-07    3.7311124E-06
     87    4.5016584E-02    1.6271964E-07    3.6146599E-06
     88    4.5016584E-02    1.3709141E-07    3.0453535E-06
     89    4.5016584E-02    1.2069673E-07    2.6811614E-06
     90    4.5016584E-02    1.0938122E-07    2.4297983E-06
     91    4.5016584E-02    9.9690693E-08    2.2145326E-06
     92    4.5016584E-02    8.9719310E-08    1.9930279E-06
     93    4.5016584E-02    8.0375586E-08    1.7854661E-06
     94    4.5016584E-02    7.0594536E-08    1.5681895E-06
     95    4.5016584E-02    6.2310466E-08    1.3841669E-06
     96    4.5016584E-02    5.6890717E-08    1.2637724E-06
     97    4.5016584E-02    4.8534003E-08    1.0781361E-06
     98    4.5016584E-02    4.4610866E-08    9.9098736E-07
     99    4.5016584E-02    3.9775092E-08    8.8356531E-07
    100    4.5016584E-02    3.3475888E-08    7.4363455E-07
    101    4.5016584E-02    2.9197162E-08    6.4858679E-07
    102    4.5016584E-02    2.6902523E-08    5.9761361E-07
    103    4.5016584E-02    2.3593784E-08    5.2411314E-07
    104    4.5016584E-02    1.9514865E-08    4.3350391E-07
    105    4.5016584E-02    1.7601818E-08    3.9100740E-07
    106    4.5016584E-02    1.5378004E-08    3.4160753E-07
    107    4.5016584E-02    1.3504736E-08    2.9999469E-07
    108    4.5016584E-02    1.2099433E-08    2.6877724E-07
    109    4.5016584E-02    1.0294829E-08    2.2868969E-07
    110    4.5016584E-02    9.1992370E-09    2.0435218E-07
    111    4.5016584E-02    8.0488833E-09    1.7879818E-07
    112    4.5016584E-02    7.2032815E-09    1.6001395E-07
    113    4.5016584E-02    6.5309344E-09    1.4507841E-07
    114    4.5016584E-02    6.0015573E-09    1.3331881E-07
    115    4.5016584E-02    5.3521131E-09    1.1889203E-07
    116    4.5016584E-02    4.5666056E-09    1.0144274E-07
    117    4.5016584E-02    4.1957945E-09    9.3205529E-08
    118    4.5016584E-02    3.8819587E-09    8.6233969E-08
    119    4.5016584E-02    3.3777196E-09    7.5032782E-08
    120    4.5016584E-02    3.0122725E-09    6.6914727E-08
    121    4.5016584E-02    2.6818764E-09    5.9575298E-08
    122    4.5016584E-02    2.3813413E-09    5.2899200E-08
    123    4.5016584E-02    2.1050451E-09    4.6761546E-08
    124    4.5016584E-02    1.8598442E-09    4.1314645E-08
    125    4.5016584E-02    1.6637565E-09    3.6958745E-08
    126    4.5016584E-02    1.4666040E-09    3.2579194E-08
    127    4.5016584E-02    1.2621864E-09    2.8038253E-08
    128    4.5016584E-02    1.1084232E-09    2.4622553E-08
    129    4.5016584E-02    1.0021582E-09    2.2261977E-08
    130    4.5016584E-02    8.7092670E-10    1.9346797E-08
    131    4.5016584E-02    7.4213332E-10    1.6485776E-08
    132    4.5016584E-02    6.6203893E-10    1.4706556E-08
    133    4.5016584E-02    5.8914022E-10    1.3087182E-08
    134    4.5016584E-02    5.1744167E-10    1.1494468E-08
    135    4.5016584E-02    4.4971751E-10    9.9900407E-09
      1    4.5016584E-02    3.6278416E-06    8.0589002E-05
      2    4.5016584E-02    3.0981071E-06    6.8821461E-05
      3    4.5016584E-02    8.7542245E-07    1.9446665E-05
      4    4.5016584E-02    8.3932738E-07    1.8644848E-05
      5    4.5016584E-02    4.4749582E-07    9.9406879E-06
      6    4.5016584E-02    4.0216370E-07    8.9336786E-06
      7    4.5016584E-02    4.2753919E-07    9.4973708E-06
      8    4.5016584E-02    4.1239415E-07    9.1609383E-06
      9    4.5016584E-02    4.8886942E-07    1.0859763E-05
     10    4.5016584E-02    4.6879074E-07    1.0413734E-05
     11    4.5016584E-02    3.6998140E-07    8.2187799E-06
     12    4.5016584E-02    3.3928419E-07    7.5368711E-06
     13    4.5016584E-02    2.4514779E-07    5.4457217E-06
     14    4.5016584E-02    2.0911599E-07    4.6453100E-06
     15    4.5016584E-02    1.5923741E-07    3.5373055E-06
     16    4.5016584E-02    1.2373108E-07    2.7485666E-06
     17    4.5016584E-02    1.0931180E-07    2.4282562E-06
     18    4.5016584E-02    9.1718219E-08    2.0374318E-06
     19    4.5016584E-02    1.0059598E-07    2.2346427E-06
     20    4.5016584E-02    9.8860802E-08    2.1960973E-06
     21    4.5016584E-02    9.8809338E-08    2.1949541E-06
     22    4.5016584E-02    8.1788771E-08    1.8168587E-06
     23    4.5016584E-02    7.4860122E-08    1.6629454E-06
     24    4.5016584E-02    5.5075518E-08    1.2234495E-06
     25    4.5016584E-02    4.3493257E-08    9.6616075E-07
     26    4.5016584E-02    3.8073589E-08    8.4576806E-07
     27    4.5016584E-02    3.1037652E-08    6.8947151E-07
     28    4.5016584E-02    3.0465774E-08    6.7676779E-07
     29    4.5016584E-02    2.6742489E-08    5.9405861E-07
     30    4.5016584E-02    2.5932040E-08    5.7605526E-07
     31    4.5016584E-02    2.2843683E-08    5.0745038E-07
     32    4.5016584E-02    2.0899200E-08    4.6425557E-07
     33    4.5016584E-02    1.7861625E-08    3.9677878E-07
     34    4.5016584E-02    1.6388206E-08    3.6404818E-07
     35    4.5016584E-02    1.3962797E-08    3.1017007E-07
     36    4.5016584E-02    1.1979700E-08    2.6611747E-07
     37    4.5016584E-02    1.0005593E-08    2.2226459E-07
     38    4.5016584E-02    8.5780073E-09    1.9055216E-07
     39    4.5016584E-02    7.0500990E-09    1.5661115E-07
     40    4.5016584E-02    6.7316914E-09    1.4953803E-07
     41    4.5016584E-02    5.7374292E-09    1.2745145E-07
     42    4.5016584E-02    5.8027237E-09    1.2890191E-07
     43    4.5016584E-02    5.0140322E-09    1.1138189E-07
     44    4.5016584E-02    4.9235170E-09    1.0937118E-07
     45    4.5016584E-02    4.1556109E-09    9.2312888E-08
     46    4.5016584E-02    3.5278856E-09    7.8368575E-08
     47    4.5016584E-02    2.9563522E-09    6.5672512E-08
     48    4.5016584E-02    2.4302470E-09    5.3985593E-08
     49    4.5016584E-02    2.1564061E-09    4.7902481E-08
     50    4.5016584E-02    1.8949384E-09    4.2094228E-08
     51    4.5016584E-02    1.7212233E-09    3.8235316E-08
     52    4.5016584E-02    1.5843245E-09    3.5194241E-08
     53    4.5016584E-02    1.3990188E-09    3.1077853E-08
     54    4.5016584E-02    1.2326660E-09    2.7382486E-08
     55    4.5016584E-02    1.0861199E-09    2.4127106E-08
     56    4.5016584E-02    9.5946978E-10    2.1313696E-08
     57    4.5016584E-02    8.4186185E-10    1.8701149E-08
     58    4.5016584E-02    7.5979482E-10    1.6878109E-08
     59    4.5016584E-02    6.6030241E-10    1.4667981E-08
     60    4.5016584E-02    5.5506997E-10    1.2330344E-08
     61    4.5016584E-02    4.8843746E-10    1.0850167E-08
     62    4.5016584E-02    4.0832607E-10    9.0705698E-09
      1    4.5016584E-02    3.0428057E-10    6.7592993E-09
      1    6.6848130E-02    1.1394903E-02    1.7045957E-01
      2    6.6848130E-02    7.6944734E-03    1.1510379E-01
      3    6.6848130E-02    5.5456769E-03    8.2959342E-02
      4    6.6848130E-02    3.0764361E-03    4.6021274E-02
      5    6.6848130E-02    2.7987579E-03    4.1867408E-02
      6    6.6848130E-02    3.0862689E-03    4.6168366E-02
      7    6.6848130E-02    2.7717347E-03    4.1463160E-02
      8    6.6848130E-02    2.3752755E-03    3.5532415E-02
      9    6.6848130E-02    2.8494228E-03    4.2625319E-02
     10    6.6848130E-02    2.2328886E-03    3.3402409E-02
     11    6.6848130E-02    1.7144666E-03    2.5647189E-02
     12    6.6848130E-02    1.9722529E-03    2.9503486E-02
     13    6.6848130E-02    2.0996373E-03    3.1409065E-02
     14    6.6848130E-02    1.4463040E-03    2.1635668E-02
     15    6.6848130E-02    9.9821367E-04    1.4932559E-02
     16    6.6848130E-02    9.3281409E-04    1.3954229E-02
     17    6.6848130E-02    1.0788027E-03    1.6138113E-02
     18    6.6848130E-02    7.8435042E-04    1.1733319E-02
     19    6.6848130E-02    5.3521791E-04    8.0064755E-03
     20    6.6848130E-02    5.6282044E-04    8.4193894E-03
     21    6.6848130E-02    5.6507927E-04    8.4531800E-03
     22    6.6848130E-02    4.9542719E-04    7.4112349E-03
     23    6.6848130E-02    4.4729846E-04    6.6912637E-03
     24    6.6848130E-02    4.3502184E-04    6.5076142E-03
     25    6.6848130E-02    3.8150875E-04    5.7070968E-03
     26    6.6848130E-02    3.5374801E-04    5.2918162E-03
     27    6.6848130E-02    3.3936236E-04    5.0766172E-03
     28    6.6848130E-02    3.0088320E-04    4.5009965E-03
     29    6.6848130E-02    2.5123748E-04    3.7583323E-03
     30    6.6848130E-02    2.0911725E-04    3.1282438E-03
     31    6.6848130E-02    1.8724671E-04    2.8010762E-03
     32    6.6848130E-02    1.5853952E-04    2.3716374E-03
     33    6.6848130E-02    1.4681412E-04    2.1962338E-03
     34    6.6848130E-02    1.1996019E-04    1.7945182E-03
     35    6.6848130E-02    9.0935420E-05    1.3603286E-03
     36    6.6848130E-02    8.6577116E-05    1.2951315E-03
     37    6.6848130E-02    8.0406171E-05    1.2028186E-03
     38    6.6848130E-02    7.1122184E-05    1.0639368E-03
     39    6.6848130E-02    5.8252608E-05    8.7141717E-04
     40    6.6848130E-02    5.7151948E-05    8.5495208E-04
     41    6.6848130E-02    5.1345059E-05    7.6808521E-04
     42    6.6848130E-02    4.2739270E-05    6.3934878E-04
     43    6.6848130E-02    4.1868846E-05    6.2632786E-04
     44    6.6848130E-02    3.5987768E-05    5.3835116E-04
     45    6.6848130E-02    2.9473362E-05    4.4090032E-04
     46    6.6848130E-02    2.5448000E-05    3.8068380E-04
     47    6.6848130E-02    2.2668508E-05    3.3910459E-04
     48    6.6848130E-02    1.8601543E-05    2.7826573E-04
     49    6.6848130E-02    1.6675479E-05    2.4945319E-04
     50    6.6848130E-02    1.3992118E-05    2.0931204E-04
     51    6.6848130E-02    1.1017527E-05    1.6481429E-04
     52    6.6848130E-02    1.0523237E-05    1.5742007E-04
     53    6.6848130E-02    9.8474273E-06    1.4731044E-04
     54    6.6848130E-02    8.4807023E-06    1.2686521E-04
     55    6.6848130E-02    7.4365945E-06    1.1124611E-04
     56    6.6848130E-02    7.3731016E-06    1.1029630E-04
     57    6.6848130E-02    6.5669804E-06    9.8237310E-05
     58    6.6848130E-02    5.4976618E-06    8.2241072E-05
     59    6.6848130E-02    5.4730893E-06    8.1873485E-05
     60    6.6848130E-02    4.6924042E-06    7.0194996E-05
     61    6.6848130E-02    4.0766076E-06    6.0983122E-05
     62    6.6848130E-02    3.6515809E-06    5.4625027E-05
     63    6.6848130E-02    3.1413456E-06    4.6992273E-05
     64    6.6848130E-02    2.7548323E-06    4.1210312E-05
     65    6.6848130E-02    2.4563117E-06    3.6744659E-05
     66    6.6848130E-02    2.0855755E-06    3.1198712E-05
     67    6.6848130E-02    1.8069974E-06    2.7031384E-05
     68    6.6848130E-02    1.7726501E-06    2.6517573E-05
     69    6.6848130E-02    1.5224876E-06    2.2775322E-05
     70    6.6848130E-02    1.3408020E-06    2.0057434E-05
     71    6.6848130E-02    1.2851899E-06    1.9225517E-05
     72    6.6848130E-02    1.1625454E-06    1.7390845E-05
     73    6.6848130E-02    1.0152732E-06    1.5187758E-05
     74    6.6848130E-02    9.0796219E-07    1.3582462E-05
     75    6.6848130E-02    8.4875027E-07    1.2696694E-05
     76    6.6848130E-02    7.3129562E-07    1.0939657E-05
     77    6.6848130E-02    6.3227151E-07    9.4583276E-06
     78    6.6848130E-02    5.2798658E-07    7.8983000E-06
     79    6.6848130E-02    4.7046355E-07    7.0377968E-06
     80    6.6848130E-02    4.2366970E-07    6.3377944E-06
     81    6.6848130E-02    3.5282352E-07    5.2779865E-06
     82    6.6848130E-02    3.0303587E-07    4.5331989E-06
     83    6.6848130E-02    2.7585557E-07    4.1266012E-06
     84    6.6848130E-02    2.4146726E-07    3.6121768E-06
     85    6.6848130E-02    2.0186429E-07    3.0197447E-06
     86    6.6848130E-02    1.9546115E-07    2.9239583E-06
     87    6.6848130E-02    1.7556916E-07    2.6263886E-06
     88    6.6848130E-02    1.4892373E-07    2.2277920E-06
     89    6.6848130E-02    1.3368695E-07    1.9998607E-06
     90    6.6848130E-02    1.2059939E-07    1.8040803E-06
     91    6.6848130E-02    1.0746127E-07    1.6075435E-06
     92    6.6848130E-02    9.0916901E-08    1.3600515E-06
     93    6.6848130E-02    8.0271647E-08    1.2008062E-06
     94    6.6848130E-02    6.7750575E-08    1.0134999E-06
     95    6.6848130E-02    6.0970715E-08    9.1207811E-07
     96    6.6848130E-02    5.2353415E-08    7.8316948E-07
     97    6.6848130E-02    4.3982254E-08    6.5794293E-07
     98    6.6848130E-02    4.0476713E-08    6.0550255E-07
     99    6.6848130E-02    3.5035279E-08    5.2410260E-07
    100    6.6848130E-02    3.1070976E-08    4.6479948E-07
    101    6.6848130E-02    2.7820190E-08    4.1617006E-07
    102    6.6848130E-02    2.6620870E-08    3.9822909E-07
    103    6.6848130E-02    2.3059749E-08    3.4495728E-07
    104    6.6848130E-02    1.9816542E-08    2.9644124E-07
    105    6.6848130E-02    1.8634140E-08    2.7875335E-07
    106    6.6848130E-02    1.6779623E-08    2.5101111E-07
    107    6.6848130E-02    1.4682471E-08    2.1963921E-07
    108    6.6848130E-02    1.2841223E-08    1.9209548E-07
    109    6.6848130E-02    1.1269807E-08    1.6858822E-07
    110    6.6848130E-02    9.7928000E-09    1.4649325E-07
    111    6.6848130E-02    8.7674836E-09    1.3115526E-07
    112    6.6848130E-02    7.7582053E-09    1.1605718E-07
    113    6.6848130E-02    6.8909596E-09    1.0308381E-07
    114    6.6848130E-02    6.2818434E-09    9.3971864E-08
    115    6.6848130E-02    5.4776806E-09    8.1942167E-08
    116    6.6848130E-02    4.8836456E-09    7.3055830E-08
    117    6.6848130E-02    4.5477064E-09    6.8030422E-08
    118    6.6848130E-02    4.1008518E-09    6.1345798E-08
    119    6.6848130E-02    3.5689296E-09    5.3388623E-08
    120    6.6848130E-02    3.1996596E-09    4.7864609E-08
    121    6.6848130E-02    2.9396357E-09    4.3974839E-08
    122    6.6848130E-02    2.5476696E-09    3.8111307E-08
    123    6.6848130E-02    2.2789107E-09    3.4090867E-08
    124    6.6848130E-02    1.9576028E-09    2.9284332E-08
    125    6.6848130E-02    1.6835151E-09    2.5184176E-08
    126    6.6848130E-02    1.4953396E-09    2.2369206E-08
    127    6.6848130E-02    1.3044234E-09    1.9513238E-08
    128    6.6848130E-02    1.1182287E-09    1.6727898E-08
    129    6.6848130E-02    9.9295831E-10    1.4853943E-08
    130    6.6848130E-02    8.8360647E-10    1.3218118E-08
    131    6.6848130E-02    7.6332914E-10    1.1418856E-08
    132    6.6848130E-02    7.0960202E-10    1.0615137E-08
    133    6.6848130E-02    6.5522811E-10    9.8017419E-09
      1    6.6848130E-02    7.2756459E-06    1.0883844E-04
      2    6.6848130E-02    6.5998096E-06    9.8728410E-05
      3    6.6848130E-02    1.0725566E-06    1.6044677E-05
      4    6.6848130E-02    1.2765049E-06    1.9095596E-05
      5    6.6848130E-02    6.2741440E-07    9.3856687E-06
      6    6.6848130E-02    6.2471339E-07    9.3452636E-06
      7    6.6848130E-02    6.1051769E-07    9.1329061E-06
      8    6.6848130E-02    5.1703026E-07    7.7344013E-06
      9    6.6848130E-02    6.6380801E-07    9.9300910E-06
     10    6.6848130E-02    6.2244348E-07    9.3113073E-06
     11    6.6848130E-02    4.7196454E-07    7.0602506E-06
     12    6.6848130E-02    5.1421465E-07    7.6922819E-06
     13    6.6848130E-02    3.6227063E-07    5.4193085E-06
     14    6.6848130E-02    3.3170008E-07    4.9619950E-06
     15    6.6848130E-02    2.9958551E-07    4.4815840E-06
     16    6.6848130E-02    2.2764285E-07    3.4053735E-06
     17    6.6848130E-02    2.3357921E-07    3.4941773E-06
     18    6.6848130E-02    2.0274668E-07    3.0329447E-06
     19    6.6848130E-02    2.3219576E-07    3.4734817E-06
     20    6.6848130E-02    1.5825320E-07    2.3673542E-06
     21    6.6848130E-02    1.2719653E-07    1.9027688E-06
     22    6.6848130E-02    1.0671136E-07    1.5963253E-06
     23    6.6848130E-02    8.1887455E-08    1.2249775E-06
     24    6.6848130E-02    5.9265990E-08    8.8657664E-07
     25    6.6848130E-02    5.5151152E-08    8.2502162E-07
     26    6.6848130E-02    6.0369915E-08    9.0309056E-07
     27    6.6848130E-02    5.3606099E-08    8.0190873E-07
     28    6.6848130E-02    5.4199965E-08    8.1079254E-07
     29    6.6848130E-02    4.5168852E-08    6.7569357E-07
     30    6.6848130E-02    4.3036055E-08    6.4378847E-07
     31    6.6848130E-02    3.3645745E-08    5.0331618E-07
     32    6.6848130E-02    2.9485986E-08    4.4108917E-07
     33    6.6848130E-02    2.5870323E-08    3.8700145E-07
     34    6.6848130E-02    2.3204044E-08    3.4711583E-07
     35    6.6848130E-02    2.2271915E-08    3.3317184E-07
     36    6.6848130E-02    2.0316235E-08    3.0391628E-07
     37    6.6848130E-02    1.8417661E-08    2.7551498E-07
     38    6.6848130E-02    1.5628051E-08    2.3378441E-07
     39    6.6848130E-02    1.2514563E-08    1.8720888E-07
     40    6.6848130E-02    1.1148938E-08    1.6678010E-07
     41    6.6848130E-02    8.6704851E-09    1.2970423E-07
     42    6.6848130E-02    7.4850575E-09    1.1197108E-07
     43    6.6848130E-02    6.5008552E-09    9.7248124E-08
     44    6.6848130E-02    5.9966839E-09    8.9706084E-08
     45    6.6848130E-02    5.4460278E-09    8.1468664E-08
     46    6.6848130E-02    4.7872050E-09    7.1613147E-08
     47    6.6848130E-02    4.4450695E-09    6.6495047E-08
     48    6.6848130E-02    3.8578774E-09    5.7711075E-08
     49    6.6848130E-02    3.5916441E-09    5.3728416E-08
     50    6.6848130E-02    3.0395817E-09    4.5469958E-08
     51    6.6848130E-02    2.8306441E-09    4.2344402E-08
     52    6.6848130E-02    2.6090300E-09    3.9029214E-08
     53    6.6848130E-02    2.1579035E-09    3.2280687E-08
     54    6.6848130E-02    1.8585396E-09    2.7802417E-08
     55    6.6848130E-02    1.5927118E-09    2.3825825E-08
     56    6.6848130E-02    1.5019305E-09    2.2467801E-08
     57    6.6848130E-02    1.3224598E-09    1.9783048E-08
     58    6.6848130E-02    1.1336874E-09    1.6959150E-08
     59    6.6848130E-02    1.0454442E-09    1.5639094E-08
     60    6.6848130E-02    8.4980479E-10    1.2712469E-08
     61    6.6848130E-02    7.2430240E-10    1.0835044E-08
     62    6.6848130E-02    5.8688381E-10    8.7793602E-09
      1    6.6848130E-02    4.3451074E-10    6.4999686E-09
      1    8.8372413E-02    1.2611792E-02    1.4271186E-01
      2    8.8372413E-02    8.9639693E-03    1.0143402E-01
      3    8.8372413E-02    6.0828101E-03    6.8831549E-02
      4    8.8372413E-02    3.0170502E-03    3.4140181E-02
      5    8.8372413E-02    2.6850956E-03    3.0383866E-02
      6    8.8372413E-02    2.8470080E-03    3.2216026E-02
      7    8.8372413E-02    2.9452582E-03    3.3327801E-02
      8    8.8372413E-02    2.7429561E-03    3.1038601E-02
      9    8.8372413E-02    3.4358103E-03    3.8878765E-02
     10    8.8372413E-02    2.4488474E-03    2.7710541E-02
     11    8.8372413E-02    1.2812435E-03    1.4498229E-02
     12    8.8372413E-02    1.6471872E-03    1.8639157E-02
     13    8.8372413E-02    1.4804844E-03    1.6752790E-02
     14    8.8372413E-02    1.2616491E-03    1.4276504E-02
     15    8.8372413E-02    8.9447441E-04    1.0121647E-02
     16    8.8372413E-02    8.8113674E-04    9.9707217E-03
     17    8.8372413E-02    1.2077745E-03    1.3666873E-02
     18    8.8372413E-02    1.0330441E-03    1.1689668E-02
     19    8.8372413E-02    7.1706036E-04    8.1140747E-03
     20    8.8372413E-02    6.4814582E-04    7.3342550E-03
     21    8.8372413E-02    6.0497709E-04    6.8457686E-03
     22    8.8372413E-02    5.0689185E-04    5.7358606E-03
     23    8.8372413E-02    4.3046316E-04    4.8710128E-03
     24    8.8372413E-02    3.5799047E-04    4.0509301E-03
     25    8.8372413E-02    3.0556153E-04    3.4576574E-03
     26    8.8372413E-02    2.6316179E-04    2.9778726E-03
     27    8.8372413E-02    2.6255307E-04    2.9709845E-03
     28    8.8372413E-02    2.2630231E-04    2.5607800E-03
     29    8.8372413E-02    2.2424085E-04    2.5374531E-03
     30    8.8372413E-02    1.8956196E-04    2.1450354E-03
     31    8.8372413E-02    1.3699980E-04    1.5502553E-03
     32    8.8372413E-02    1.4409226E-04    1.6305118E-03
     33    8.8372413E-02    1.2719628E-04    1.4393211E-03
     34    8.8372413E-02    1.0965561E-04    1.2408353E-03
     35    8.8372413E-02    8.9264995E-05    1.0101002E-03
     36    8.8372413E-02    8.3562416E-05    9.4557128E-04
     37    8.8372413E-02    8.4260657E-05    9.5347240E-04
     38    8.8372413E-02    7.2566825E-05    8.2114794E-04
     39    8.8372413E-02    7.2561116E-05    8.2108334E-04
     40    8.8372413E-02    6.4341481E-05    7.2807202E-04
     41    8.8372413E-02    5.6410805E-05    6.3833048E-04
     42    8.8372413E-02    4.6938208E-05    5.3114096E-04
     43    8.8372413E-02    4.4330104E-05    5.0162831E-04
     44    8.8372413E-02    3.7575363E-05    4.2519335E-04
     45    8.8372413E-02    3.1510082E-05    3.5656017E-04
     46    8.8372413E-02    2.8836574E-05    3.2630742E-04
     47    8.8372413E-02    2.3532882E-05    2.6629218E-04
     48    8.8372413E-02    2.2826750E-05    2.5830176E-04
     49    8.8372413E-02    2.0989968E-05    2.3751720E-04
     50    8.8372413E-02    1.6992007E-05    1.9227727E-04
     51    8.8372413E-02    1.5124755E-05    1.7114792E-04
     52    8.8372413E-02    1.3249603E-05    1.4992918E-04
     53    8.8372413E-02    1.1143978E-05    1.2610245E-04
     54    8.8372413E-02    9.2324968E-06    1.0447261E-04
     55    8.8372413E-02    8.0012468E-06    9.0540096E-05
     56    8.8372413E-02    6.7939365E-06    7.6878477E-05
     57    8.8372413E-02    5.8802814E-06    6.6539785E-05
     58    8.8372413E-02    5.3490530E-06    6.0528538E-05
     59    8.8372413E-02    4.7453334E-06    5.3696999E-05
     60    8.8372413E-02    4.3198870E-06    4.8882755E-05
     61    8.8372413E-02    3.8954266E-06    4.4079668E-05
     62    8.8372413E-02    3.4916724E-06    3.9510886E-05
     63    8.8372413E-02    2.9221517E-06    3.3066334E-05
     64    8.8372413E-02    2.7060136E-06    3.0620569E-05
     65    8.8372413E-02    2.4510431E-06    2.7735388E-05
     66    8.8372413E-02    1.9850093E-06    2.2461866E-05
     67    8.8372413E-02    1.8308406E-06    2.0717332E-05
     68    8.8372413E-02    1.6833995E-06    1.9048925E-05
     69    8.8372413E-02    1.4537630E-06    1.6450416E-05
     70    8.8372413E-02    1.2765316E-06    1.4444911E-05
     71    8.8372413E-02    1.2630211E-06    1.4292029E-05
     72    8.8372413E-02    1.0761184E-06    1.2177085E-05
     73    8.8372413E-02    9.2873287E-07    1.0509308E-05
     74    8.8372413E-02    8.3829820E-07    9.4859716E-06
     75    8.8372413E-02    7.0344398E-07    7.9599952E-06
     76    8.8372413E-02    6.5036089E-07    7.3593202E-06
     77    8.8372413E-02    5.3996660E-07    6.1101263E-06
     78    8.8372413E-02    4.6578118E-07    5.2706627E-06
     79    8.8372413E-02    4.0907133E-07    4.6289483E-06
     80    8.8372413E-02    3.8525984E-07    4.3595034E-06
     81    8.8372413E-02    3.2089809E-07    3.6312021E-06
     82    8.8372413E-02    2.8323199E-07    3.2049819E-06
     83    8.8372413E-02    2.7502369E-07    3.1120989E-06
     84    8.8372413E-02    2.1919185E-07    2.4803198E-06
     85    8.8372413E-02    1.9711785E-07    2.2305360E-06
     86    8.8372413E-02    1.7674560E-07    2.0000087E-06
     87    8.8372413E-02    1.5853090E-07    1.7938958E-06
     88    8.8372413E-02    1.3441348E-07    1.5209892E-06
     89    8.8372413E-02    1.1949042E-07    1.3521235E-06
     90    8.8372413E-02    1.1022653E-07    1.2472957E-06
     91    8.8372413E-02    9.9196185E-08    1.1224791E-06
     92    8.8372413E-02    9.3911186E-08    1.0626754E-06
     93    8.8372413E-02    8.2114058E-08    9.2918203E-07
     94    8.8372413E-02    7.3731953E-08    8.3433224E-07
     95    8.8372413E-02    6.8270550E-08    7.7253237E-07
     96    8.8372413E-02    5.8711733E-08    6.6436720E-07
     97    8.8372413E-02    5.1430574E-08    5.8197543E-07
     98    8.8372413E-02    4.7044299E-08    5.3234145E-07
     99    8.8372413E-02    4.1324031E-08    4.6761234E-07
    100    8.8372413E-02    3.4227897E-08    3.8731427E-07
    101    8.8372413E-02    3.2291592E-08    3.6540353E-07
    102    8.8372413E-02    2.9058846E-08    3.2882259E-07
    103    8.8372413E-02    2.4690248E-08    2.7938864E-07
    104    8.8372413E-02    2.2493126E-08    2.5452656E-07
    105    8.8372413E-02    1.9404454E-08    2.1957592E-07
    106    8.8372413E-02    1.6833779E-08    1.9048681E-07
    107    8.8372413E-02    1.5092415E-08    1.7078197E-07
    108    8.8372413E-02    1.3034362E-08    1.4749356E-07
    109    8.8372413E-02    1.0861515E-08    1.2290617E-07
    110    8.8372413E-02    9.9514984E-09    1.1260865E-07
    111    8.8372413E-02    8.6540493E-09    9.7927045E-08
    112    8.8372413E-02    7.4942292E-09    8.4802813E-08
    113    8.8372413E-02    7.1540090E-09    8.0952966E-08
    114    8.8372413E-02    6.3485291E-09    7.1838359E-08
    115    8.8372413E-02    5.4730799E-09    6.1931995E-08
    116    8.8372413E-02    4.8897579E-09    5.5331270E-08
    117    8.8372413E-02    4.4092180E-09    4.9893601E-08
    118    8.8372413E-02    3.8547505E-09    4.3619387E-08
    119    8.8372413E-02    3.4379677E-09    3.8903177E-08
    120    8.8372413E-02    3.0405922E-09    3.4406576E-08
    121    8.8372413E-02    2.6361199E-09    2.9829669E-08
    122    8.8372413E-02    2.3862352E-09    2.7002037E-08
    123    8.8372413E-02    2.1246115E-09    2.4041570E-08
    124    8.8372413E-02    1.8667458E-09    2.1123626E-08
    125    8.8372413E-02    1.7013529E-09    1.9252082E-08
    126    8.8372413E-02    1.4977786E-09    1.6948486E-08
    127    8.8372413E-02    1.2834077E-09    1.4522719E-08
    128    8.8372413E-02    1.1425615E-09    1.2928939E-08
    129    8.8372413E-02    1.0381519E-09    1.1747465E-08
    130    8.8372413E-02    8.6483971E-10    9.7863086E-09
      1    8.8372413E-02    1.0986996E-05    1.2432609E-04
      2    8.8372413E-02    1.0224618E-05    1.1569920E-04
      3    8.8372413E-02    1.3265425E-06    1.5010821E-05
      4    8.8372413E-02    1.7578431E-06    1.9891310E-05
      5    8.8372413E-02    9.4160884E-07    1.0655009E-05
      6    8.8372413E-02    1.0184240E-06    1.1524230E-05
      7    8.8372413E-02    9.4449510E-07    1.0687669E-05
      8    8.8372413E-02    8.2446137E-07    9.3293975E-06
      9    8.8372413E-02    9.1775495E-07    1.0385084E-05
     10    8.8372413E-02    8.1701605E-07    9.2451481E-06
     11    8.8372413E-02    6.4845484E-07    7.3377519E-06
     12    8.8372413E-02    5.7785779E-07    6.5388934E-06
     13    8.8372413E-02    4.2873718E-07    4.8514820E-06
     14    8.8372413E-02    4.2494731E-07    4.8085969E-06
     15    8.8372413E-02    3.6162707E-07    4.0920810E-06
     16    8.8372413E-02    3.3031564E-07    3.7377687E-06
     17    8.8372413E-02    3.0354378E-07    3.4348251E-06
     18    8.8372413E-02    3.1609724E-07    3.5768769E-06
     19    8.8372413E-02    3.7417400E-07    4.2340589E-06
     20    8.8372413E-02    3.1391063E-07    3.5521337E-06
     21    8.8372413E-02    2.2350233E-07    2.5290961E-06
     22    8.8372413E-02    1.5995148E-07    1.8099707E-06
     23    8.8372413E-02    1.3905701E-07    1.5735341E-06
     24    8.8372413E-02    1.0904974E-07    1.2339795E-06
     25    8.8372413E-02    8.7049572E-08    9.8503107E-07
     26    8.8372413E-02    8.6123942E-08    9.7455686E-07
     27    8.8372413E-02    8.8967702E-08    1.0067361E-06
     28    8.8372413E-02    8.6098831E-08    9.7427271E-07
     29    8.8372413E-02    6.0993008E-08    6.9018154E-07
     30    8.8372413E-02    5.4298551E-08    6.1442875E-07
     31    8.8372413E-02    4.3276292E-08    4.8970363E-07
     32    8.8372413E-02    3.4934812E-08    3.9531355E-07
     33    8.8372413E-02    2.7180094E-08    3.0756310E-07
     34    8.8372413E-02    2.6864843E-08    3.0399580E-07
     35    8.8372413E-02    2.5066262E-08    2.8364352E-07
     36    8.8372413E-02    2.3959980E-08    2.7112510E-07
     37    8.8372413E-02    2.1765221E-08    2.4628976E-07
     38    8.8372413E-02    2.0024023E-08    2.2658681E-07
     39    8.8372413E-02    1.6559496E-08    1.8738309E-07
     40    8.8372413E-02    1.4832294E-08    1.6783850E-07
     41    8.8372413E-02    1.3463720E-08    1.5235207E-07
     42    8.8372413E-02    1.2496111E-08    1.4140285E-07
     43    8.8372413E-02    1.1089125E-08    1.2548175E-07
     44    8.8372413E-02    1.0109067E-08    1.1439166E-07
     45    8.8372413E-02    9.3130568E-09    1.0538421E-07
     46    8.8372413E-02    7.9059914E-09    8.9462210E-08
     47    8.8372413E-02    6.5806653E-09    7.4465153E-08
     48    8.8372413E-02    5.3315877E-09    6.0330905E-08
     49    8.8372413E-02    4.9552427E-09    5.6072280E-08
     50    8.8372413E-02    4.1244871E-09    4.6671658E-08
     51    8.8372413E-02    3.9730739E-09    4.4958305E-08
     52    8.8372413E-02    3.5828099E-09    4.0542175E-08
     53    8.8372413E-02    3.1080811E-09    3.5170264E-08
     54    8.8372413E-02    2.5184881E-09    2.8498578E-08
     55    8.8372413E-02    2.0352235E-09    2.3030078E-08
     56    8.8372413E-02    1.7168519E-09    1.9427464E-08
     57    8.8372413E-02    1.4768804E-09    1.6712007E-08
     58    8.8372413E-02    1.2718631E-09    1.4392083E-08
     59    8.8372413E-02    1.2238713E-09    1.3849020E-08
     60    8.8372413E-02    1.1392611E-09    1.2891592E-08
     61    8.8372413E-02    1.0856109E-09    1.2284500E-08
     62    8.8372413E-02    9.2912084E-10    1.0513698E-08
     63    8.8372413E-02    8.4238347E-10    9.5321994E-09
      1    8.8372413E-02    5.5931114E-10    6.3290242E-09
      1    1.0963303E-01    1.4422503E-02    1.3155254E-01
      2    1.0963303E-01    1.0514349E-02    9.5904937E-02
      3    1.0963303E-01    6.8441461E-03    6.2427776E-02
      4    1.0963303E-01    3.2299489E-03    2.9461458E-02
      5    1.0963303E-01    2.8467664E-03    2.5966321E-02
      6    1.0963303E-01    2.9051227E-03    2.6498609E-02
      7    1.0963303E-01    2.7773085E-03    2.5332772E-02
      8    1.0963303E-01    2.7389310E-03    2.4982718E-02
      9    1.0963303E-01    3.5145151E-03    3.2057084E-02
     10    1.0963303E-01    2.5054103E-03    2.2852696E-02
     11    1.0963303E-01    1.3629344E-03    1.2431786E-02
     12    1.0963303E-01    1.3243153E-03    1.2079529E-02
     13    1.0963303E-01    1.6925296E-03    1.5438136E-02
     14    1.0963303E-01    1.4318311E-03    1.3060217E-02
     15    1.0963303E-01    1.0787928E-03    9.8400351E-03
     16    1.0963303E-01    1.0578686E-03    9.6491776E-03
     17    1.0963303E-01    1.2381671E-03    1.1293742E-02
     18    1.0963303E-01    1.0288263E-03    9.3842732E-03
     19    1.0963303E-01    6.4116872E-04    5.8483172E-03
     20    1.0963303E-01    5.4836168E-04    5.0017927E-03
     21    1.0963303E-01    4.9747601E-04    4.5376473E-03
     22    1.0963303E-01    4.3824901E-04    3.9974178E-03
     23    1.0963303E-01    3.7570698E-04    3.4269507E-03
     24    1.0963303E-01    3.8974277E-04    3.5549759E-03
     25    1.0963303E-01    3.4904408E-04    3.1837494E-03
     26    1.0963303E-01    2.9029167E-04    2.6478487E-03
     27    1.0963303E-01    3.0780617E-04    2.8076044E-03
     28    1.0963303E-01    2.6014512E-04    2.3728718E-03
     29    1.0963303E-01    2.3013951E-04    2.0991804E-03
     30    1.0963303E-01    2.0982181E-04    1.9138558E-03
     31    1.0963303E-01    1.6227886E-04    1.4802004E-03
     32    1.0963303E-01    1.4526557E-04    1.3250165E-03
     33    1.0963303E-01    1.5213237E-04    1.3876509E-03
     34    1.0963303E-01    1.3598967E-04    1.2404078E-03
     35    1.0963303E-01    1.0444440E-04    9.5267281E-04
     36    1.0963303E-01    9.8888683E-05    9.0199720E-04
     37    1.0963303E-01    8.6093798E-05    7.8529071E-04
     38    1.0963303E-01    6.8842421E-05    6.2793506E-04
     39    1.0963303E-01    5.5432883E-05    5.0562211E-04
     40    1.0963303E-01    5.0423775E-05    4.5993234E-04
     41    1.0963303E-01    4.3237114E-05    3.9438037E-04
     42    1.0963303E-01    3.5130300E-05    3.2043537E-04
     43    1.0963303E-01    3.4872751E-05    3.1808618E-04
     44    1.0963303E-01    3.3844589E-05    3.0870797E-04
     45    1.0963303E-01    2.8756716E-05    2.6229975E-04
     46    1.0963303E-01    2.5637847E-05    2.3385149E-04
     47    1.0963303E-01    2.2632503E-05    2.0643873E-04
     48    1.0963303E-01    2.0675179E-05    1.8858532E-04
     49    1.0963303E-01    1.9642157E-05    1.7916277E-04
     50    1.0963303E-01    1.7699576E-05    1.6144383E-04
     51    1.0963303E-01    1.4947580E-05    1.3634194E-04
     52    1.0963303E-01    1.4186775E-05    1.2940238E-04
     53    1.0963303E-01    1.3897390E-05    1.2676280E-04
     54    1.0963303E-01    1.1926545E-05    1.0878606E-04
     55    1.0963303E-01    1.0315147E-05    9.4087952E-05
     56    1.0963303E-01    9.5896333E-06    8.7470296E-05
     57    1.0963303E-01    7.5843657E-06    6.9179570E-05
     58    1.0963303E-01    6.0292794E-06    5.4995101E-05
     59    1.0963303E-01    5.7752681E-06    5.2678178E-05
     60    1.0963303E-01    5.1818773E-06    4.7265659E-05
     61    1.0963303E-01    4.2108522E-06    3.8408610E-05
     62    1.0963303E-01    3.9014622E-06    3.5586559E-05
     63    1.0963303E-01    3.6508649E-06    3.3300776E-05
     64    1.0963303E-01    3.1072786E-06    2.8342541E-05
     65    1.0963303E-01    2.8364311E-06    2.5872050E-05
     66    1.0963303E-01    2.5004048E-06    2.2807040E-05
     67    1.0963303E-01    1.9779806E-06    1.8041832E-05
     68    1.0963303E-01    1.9121216E-06    1.7441109E-05
     69    1.0963303E-01    1.7215842E-06    1.5703153E-05
     70    1.0963303E-01    1.3994120E-06    1.2764511E-05
     71    1.0963303E-01    1.3190594E-06    1.2031588E-05
     72    1.0963303E-01    1.2124935E-06    1.1059564E-05
     73    1.0963303E-01    9.7952585E-07    8.9345872E-06
     74    1.0963303E-01    8.6656286E-07    7.9042136E-06
     75    1.0963303E-01    7.9019714E-07    7.2076559E-06
     76    1.0963303E-01    6.2651450E-07    5.7146510E-06
     77    1.0963303E-01    5.2368901E-07    4.7767450E-06
     78    1.0963303E-01    4.5276317E-07    4.1298063E-06
     79    1.0963303E-01    3.9811945E-07    3.6313824E-06
     80    1.0963303E-01    3.6202617E-07    3.3021633E-06
     81    1.0963303E-01    3.2314364E-07    2.9475027E-06
     82    1.0963303E-01    2.7634904E-07    2.5206733E-06
     83    1.0963303E-01    2.4886948E-07    2.2700229E-06
     84    1.0963303E-01    2.3195256E-07    2.1157179E-06
     85    1.0963303E-01    1.9229599E-07    1.7539969E-06
     86    1.0963303E-01    1.7098085E-07    1.5595743E-06
     87    1.0963303E-01    1.5971636E-07    1.4568270E-06
     88    1.0963303E-01    1.4292323E-07    1.3036513E-06
     89    1.0963303E-01    1.2227624E-07    1.1153230E-06
     90    1.0963303E-01    1.1712142E-07    1.0683042E-06
     91    1.0963303E-01    1.0917635E-07    9.9583445E-07
     92    1.0963303E-01    9.0911450E-08    8.2923415E-07
     93    1.0963303E-01    8.3401444E-08    7.6073284E-07
     94    1.0963303E-01    7.2589786E-08    6.6211604E-07
     95    1.0963303E-01    6.2035985E-08    5.6585124E-07
     96    1.0963303E-01    5.5175944E-08    5.0327849E-07
     97    1.0963303E-01    4.6459211E-08    4.2377021E-07
     98    1.0963303E-01    4.2071245E-08    3.8374609E-07
     99    1.0963303E-01    3.8176445E-08    3.4822030E-07
    100    1.0963303E-01    3.4182124E-08    3.1178673E-07
    101    1.0963303E-01    2.8853483E-08    2.6318240E-07
    102    1.0963303E-01    2.7061342E-08    2.4683567E-07
    103    1.0963303E-01    2.4208241E-08    2.2081157E-07
    104    1.0963303E-01    1.9513442E-08    1.7798872E-07
    105    1.0963303E-01    1.7615449E-08    1.6067648E-07
    106    1.0963303E-01    1.6129275E-08    1.4712058E-07
    107    1.0963303E-01    1.4468552E-08    1.3197257E-07
    108    1.0963303E-01    1.2761524E-08    1.1640219E-07
    109    1.0963303E-01    1.1701773E-08    1.0673583E-07
    110    1.0963303E-01    1.0761191E-08    9.8156475E-08
    111    1.0963303E-01    9.2058961E-09    8.3970098E-08
    112    1.0963303E-01    8.2655913E-09    7.5393260E-08
    113    1.0963303E-01    7.0081294E-09    6.3923523E-08
    114    1.0963303E-01    6.1541601E-09    5.6134180E-08
    115    1.0963303E-01    5.3947021E-09    4.9206906E-08
    116    1.0963303E-01    4.5421383E-09    4.1430383E-08
    117    1.0963303E-01    4.0259862E-09    3.6722385E-08
    118    1.0963303E-01    3.7671764E-09    3.4361693E-08
    119    1.0963303E-01    3.2925796E-09    3.0032734E-08
    120    1.0963303E-01    2.8500271E-09    2.5996063E-08
    121    1.0963303E-01    2.6072915E-09    2.3781990E-08
    122    1.0963303E-01    2.3289050E-09    2.1242732E-08
    123    1.0963303E-01    2.0486719E-09    1.8686631E-08
    124    1.0963303E-01    1.8041683E-09    1.6456431E-08
    125    1.0963303E-01    1.6450576E-09    1.5005128E-08
    126    1.0963303E-01    1.5173869E-09    1.3840600E-08
    127    1.0963303E-01    1.3564130E-09    1.2372303E-08
    128    1.0963303E-01    1.2077739E-09    1.1016515E-08
    129    1.0963303E-01    1.1323969E-09    1.0328976E-08
    130    1.0963303E-01    1.0061167E-09    9.1771312E-09
      1    1.0963303E-01    1.4621672E-05    1.3336922E-04
      2    1.0963303E-01    1.3796673E-05    1.2584413E-04
      3    1.0963303E-01    1.5121577E-06    1.3792903E-05
      4    1.0963303E-01    2.0712142E-06    1.8892246E-05
      5    1.0963303E-01    1.1406444E-06    1.0404204E-05
      6    1.0963303E-01    1.4405924E-06    1.3140132E-05
      7    1.0963303E-01    1.2211523E-06    1.1138544E-05
      8    1.0963303E-01    1.0488724E-06    9.5671203E-06
      9    1.0963303E-01    1.3124637E-06    1.1971427E-05
     10    1.0963303E-01    1.0351234E-06    9.4417113E-06
     11    1.0963303E-01    7.9185292E-07    7.2227588E-06
     12    1.0963303E-01    7.6908150E-07    7.0150530E-06
     13    1.0963303E-01    4.5066514E-07    4.1106695E-06
     14    1.0963303E-01    4.6008361E-07    4.1965786E-06
     15    1.0963303E-01    4.0786596E-07    3.7202836E-06
     16    1.0963303E-01    3.2079501E-07    2.9260800E-06
     17    1.0963303E-01    3.5740126E-07    3.2599780E-06
     18    1.0963303E-01    3.2789606E-07    2.9908511E-06
     19    1.0963303E-01    4.6081443E-07    4.2032446E-06
     20    1.0963303E-01    3.5284687E-07    3.2184359E-06
     21    1.0963303E-01    2.6372994E-07    2.4055701E-06
     22    1.0963303E-01    2.0920692E-07    1.9082472E-06
     23    1.0963303E-01    1.5069060E-07    1.3745000E-06
     24    1.0963303E-01    1.3472382E-07    1.2288616E-06
     25    1.0963303E-01    1.0685080E-07    9.7462240E-07
     26    1.0963303E-01    1.1313285E-07    1.0319231E-06
     27    1.0963303E-01    1.1116756E-07    1.0139970E-06
     28    1.0963303E-01    1.1304000E-07    1.0310762E-06
     29    1.0963303E-01    7.9699324E-08    7.2696455E-07
     30    1.0963303E-01    7.1544879E-08    6.5258509E-07
     31    1.0963303E-01    5.1880681E-08    4.7322128E-07
     32    1.0963303E-01    4.5319351E-08    4.1337316E-07
     33    1.0963303E-01    3.4672895E-08    3.1626322E-07
     34    1.0963303E-01    3.2787961E-08    2.9907010E-07
     35    1.0963303E-01    3.1074550E-08    2.8344150E-07
     36    1.0963303E-01    2.7947246E-08    2.5491630E-07
     37    1.0963303E-01    2.7092426E-08    2.4711920E-07
     38    1.0963303E-01    2.1350774E-08    1.9474765E-07
     39    1.0963303E-01    1.7467192E-08    1.5932418E-07
     40    1.0963303E-01    1.5173488E-08    1.3840253E-07
     41    1.0963303E-01    1.2820277E-08    1.1693809E-07
     42    1.0963303E-01    1.1847889E-08    1.0806861E-07
     43    1.0963303E-01    1.0361291E-08    9.4508850E-08
     44    1.0963303E-01    1.1196894E-08    1.0213067E-07
     45    1.0963303E-01    1.1046213E-08    1.0075625E-07
     46    1.0963303E-01    9.2205164E-09    8.4103455E-08
     47    1.0963303E-01    7.9031060E-09    7.2086908E-08
     48    1.0963303E-01    6.0927155E-09    5.5573723E-08
     49    1.0963303E-01    5.1932630E-09    4.7369512E-08
     50    1.0963303E-01    4.2711417E-09    3.8958531E-08
     51    1.0963303E-01    4.0287278E-09    3.6747392E-08
     52    1.0963303E-01    3.8478387E-09    3.5097440E-08
     53    1.0963303E-01    3.6355297E-09    3.3160899E-08
     54    1.0963303E-01    3.4732550E-09    3.1680736E-08
     55    1.0963303E-01    3.1305569E-09    2.8554871E-08
     56    1.0963303E-01    2.5780073E-09    2.3514879E-08
     57    1.0963303E-01    2.0146179E-09    1.8376013E-08
     58    1.0963303E-01    1.6587129E-09    1.5129682E-08
     59    1.0963303E-01    1.4339991E-09    1.3079992E-08
     60    1.0963303E-01    1.1707323E-09    1.0678646E-08
     61    1.0963303E-01    1.0765010E-09    9.8191307E-09
      1    1.0963303E-01    7.5949602E-10    6.9276206E-09
      1    1.3065898E-01    1.5841440E-02    1.2124265E-01
      2    1.3065898E-01    1.1863529E-02    9.0797659E-02
      3    1.3065898E-01    7.5406599E-03    5.7712528E-02
      4    1.3065898E-01    3.4905804E-03    2.6715197E-02
      5    1.3065898E-01    2.8874719E-03    2.2099300E-02
      6    1.3065898E-01    3.1008385E-03    2.3732304E-02
      7    1.3065898E-01    2.9959783E-03    2.2929755E-02
      8    1.3065898E-01    2.7032407E-03    2.0689284E-02
      9    1.3065898E-01    3.5956959E-03    2.7519700E-02
     10    1.3065898E-01    2.0781397E-03    1.5905066E-02
     11    1.3065898E-01    1.1932916E-03    9.1328711E-03
     12    1.3065898E-01    1.6110348E-03    1.2330074E-02
     13    1.3065898E-01    1.9569820E-03    1.4977784E-02
     14    1.3065898E-01    1.9067809E-03    1.4593570E-02
     15    1.3065898E-01    1.0587673E-03    8.1032878E-03
     16    1.3065898E-01    8.0507636E-04    6.1616613E-03
     17    1.3065898E-01    9.3875507E-04    7.1847728E-03
     18    1.3065898E-01    7.9184888E-04    6.0604246E-03
     19    1.3065898E-01    6.3968592E-04    4.8958436E-03
     20    1.3065898E-01    5.7903353E-04    4.4316399E-03
     21    1.3065898E-01    5.8667505E-04    4.4901243E-03
     22    1.3065898E-01    5.1573341E-04    3.9471716E-03
     23    1.3065898E-01    4.1529842E-04    3.1784913E-03
     24    1.3065898E-01    3.8369808E-04    2.9366377E-03
     25    1.3065898E-01    3.4100841E-04    2.6099118E-03
     26    1.3065898E-01    2.7714940E-04    2.1211661E-03
     27    1.3065898E-01    2.9189181E-04    2.2339973E-03
     28    1.3065898E-01    2.7006852E-04    2.0669726E-03
     29    1.3065898E-01    2.3354230E-04    1.7874187E-03
     30    1.3065898E-01    2.1049582E-04    1.6110322E-03
     31    1.3065898E-01    1.5669404E-04    1.1992597E-03
     32    1.3065898E-01    1.2545914E-04    9.6020297E-04
     33    1.3065898E-01    1.2174165E-04    9.3175115E-04
     34    1.3065898E-01    1.1238237E-04    8.6011974E-04
     35    1.3065898E-01    9.3834714E-05    7.1816508E-04
     36    1.3065898E-01    8.8212739E-05    6.7513723E-04
     37    1.3065898E-01    8.0919341E-05    6.1931712E-04
     38    1.3065898E-01    6.7782629E-05    5.1877514E-04
     39    1.3065898E-01    6.3237019E-05    4.8398526E-04
     40    1.3065898E-01    5.9468787E-05    4.5514505E-04
     41    1.3065898E-01    5.4202907E-05    4.1484258E-04
     42    1.3065898E-01    4.8034325E-05    3.6763126E-04
     43    1.3065898E-01    4.4854726E-05    3.4329616E-04
     44    1.3065898E-01    3.8948638E-05    2.9809385E-04
     45    1.3065898E-01    3.6179801E-05    2.7690252E-04
     46    1.3065898E-01    3.0526070E-05    2.3363163E-04
     47    1.3065898E-01    2.2694918E-05    1.7369582E-04
     48    1.3065898E-01    2.0438355E-05    1.5642518E-04
     49    1.3065898E-01    1.8023598E-05    1.3794382E-04
     50    1.3065898E-01    1.6457597E-05    1.2595841E-04
     51    1.3065898E-01    1.3687915E-05    1.0476062E-04
     52    1.3065898E-01    1.2000195E-05    9.1843634E-05
     53    1.3065898E-01    1.0931647E-05    8.3665486E-05
     54    1.3065898E-01    8.7145184E-06    6.6696668E-05
     55    1.3065898E-01    8.1716677E-06    6.2541953E-05
     56    1.3065898E-01    7.5019568E-06    5.7416313E-05
     57    1.3065898E-01    6.9454094E-06    5.3156772E-05
     58    1.3065898E-01    5.9294026E-06    4.5380752E-05
     59    1.3065898E-01    5.5912363E-06    4.2792592E-05
     60    1.3065898E-01    5.1242089E-06    3.9218192E-05
     61    1.3065898E-01    4.2997675E-06    3.2908320E-05
     62    1.3065898E-01    3.8985692E-06    2.9837745E-05
     63    1.3065898E-01    3.1042647E-06    2.3758526E-05
     64    1.3065898E-01    2.9311386E-06    2.2433503E-05
     65    1.3065898E-01    2.7011665E-06    2.0673409E-05
     66    1.3065898E-01    2.3914783E-06    1.8303207E-05
     67    1.3065898E-01    2.1264333E-06    1.6274682E-05
     68    1.3065898E-01    2.0134781E-06    1.5410178E-05
     69    1.3065898E-01    1.6927190E-06    1.2955244E-05
