/*--------------------------------*- C++ -*----------------------------------*\
| =========                 |                                                 |
| \\      /  F ield         | foam-extend: Open Source CFD                    |
|  \\    /   O peration     | Version:     4.0                                |
|   \\  /    A nd           | Web:         http://www.foam-extend.org         |
|    \\/     M anipulation  |                                                 |
\*---------------------------------------------------------------------------*/
FoamFile
{
    version     2.0;
    format      ascii;
    class       vectorField;
    location    "constant/polyMesh";
    object      points;
}
// * * * * * * * * * * * * * * * * * * * * * * * * * * * * * * * * * * * * * //


1414
(
(0.2489898 0.19 0)
(0.252499902 0.19 0)
(0.256010004 0.19 0)
(0.259520106 0.19 0)
(0.263030208 0.19 0)
(0.26654031 0.19 0)
(0.270050412 0.19 0)
(0.273560514 0.19 0)
(0.277070616 0.19 0)
(0.280580718 0.19 0)
(0.28409082 0.19 0)
(0.287600922 0.19 0)
(0.291111024 0.19 0)
(0.294621126 0.19 0)
(0.298131228 0.19 0)
(0.30164133 0.19 0)
(0.305151432 0.19 0)
(0.308661534 0.19 0)
(0.312171636 0.19 0)
(0.315681738 0.19 0)
(0.31919184 0.19 0)
(0.322701942 0.19 0)
(0.326212044 0.19 0)
(0.329722146 0.19 0)
(0.333232248 0.19 0)
(0.33674235 0.19 0)
(0.340252452 0.19 0)
(0.343762554 0.19 0)
(0.347272656 0.19 0)
(0.350782758 0.19 0)
(0.35429286 0.19 0)
(0.357802962 0.19 0)
(0.361313064 0.19 0)
(0.364823166 0.19 0)
(0.368333268 0.19 0)
(0.37184337 0.19 0)
(0.375353472 0.19 0)
(0.378863574 0.19 0)
(0.382373676 0.19 0)
(0.385883778 0.19 0)
(0.38939388 0.19 0)
(0.392903982 0.19 0)
(0.396414084 0.19 0)
(0.399924186 0.19 0)
(0.403434288 0.19 0)
(0.40694439 0.19 0)
(0.410454492 0.19 0)
(0.413964594 0.19 0)
(0.417474696 0.19 0)
(0.420984798 0.19 0)
(0.4244949 0.19 0)
(0.428005002 0.19 0)
(0.431515104 0.19 0)
(0.435025206 0.19 0)
(0.438535308 0.19 0)
(0.44204541 0.19 0)
(0.445555512 0.19 0)
(0.449065614 0.19 0)
(0.452575716 0.19 0)
(0.456085818 0.19 0)
(0.45959592 0.19 0)
(0.463106022 0.19 0)
(0.466616124 0.19 0)
(0.470126226 0.19 0)
(0.473636328 0.19 0)
(0.47714643 0.19 0)
(0.480656532 0.19 0)
(0.484166634 0.19 0)
(0.487676736 0.19 0)
(0.491186838 0.19 0)
(0.49469694 0.19 0)
(0.498207042 0.19 0)
(0.501717144 0.19 0)
(0.505227246 0.19 0)
(0.508737348 0.19 0)
(0.51224745 0.19 0)
(0.515757552 0.19 0)
(0.519267654 0.19 0)
(0.522777756 0.19 0)
(0.526287858 0.19 0)
(0.52979796 0.19 0)
(0.533308062 0.19 0)
(0.536818164 0.19 0)
(0.540328266 0.19 0)
(0.543838368 0.19 0)
(0.54734847 0.19 0)
(0.550858572 0.19 0)
(0.554368674 0.19 0)
(0.557878776 0.19 0)
(0.561388878 0.19 0)
(0.56489898 0.19 0)
(0.568409082 0.19 0)
(0.571919184 0.19 0)
(0.575429286 0.19 0)
(0.578939388 0.19 0)
(0.58244949 0.19 0)
(0.585959592 0.19 0)
(0.589469694 0.19 0)
(0.592979796 0.19 0)
(0.596489898 0.19 0)
(0.6 0.19 0)
(0.2489898 0.1933333333 0)
(0.252499902 0.1933333333 0)
(0.256010004 0.1933333333 0)
(0.259520106 0.1933333333 0)
(0.263030208 0.1933333333 0)
(0.26654031 0.1933333333 0)
(0.270050412 0.1933333333 0)
(0.273560514 0.1933333333 0)
(0.277070616 0.1933333333 0)
(0.280580718 0.1933333333 0)
(0.28409082 0.1933333333 0)
(0.287600922 0.1933333333 0)
(0.291111024 0.1933333333 0)
(0.294621126 0.1933333333 0)
(0.298131228 0.1933333333 0)
(0.30164133 0.1933333333 0)
(0.305151432 0.1933333333 0)
(0.308661534 0.1933333333 0)
(0.312171636 0.1933333333 0)
(0.315681738 0.1933333333 0)
(0.31919184 0.1933333333 0)
(0.322701942 0.1933333333 0)
(0.326212044 0.1933333333 0)
(0.329722146 0.1933333333 0)
(0.333232248 0.1933333333 0)
(0.33674235 0.1933333333 0)
(0.340252452 0.1933333333 0)
(0.343762554 0.1933333333 0)
(0.347272656 0.1933333333 0)
(0.350782758 0.1933333333 0)
(0.35429286 0.1933333333 0)
(0.357802962 0.1933333333 0)
(0.361313064 0.1933333333 0)
(0.364823166 0.1933333333 0)
(0.368333268 0.1933333333 0)
(0.37184337 0.1933333333 0)
(0.375353472 0.1933333333 0)
(0.378863574 0.1933333333 0)
(0.382373676 0.1933333333 0)
(0.385883778 0.1933333333 0)
(0.38939388 0.1933333333 0)
(0.392903982 0.1933333333 0)
(0.396414084 0.1933333333 0)
(0.399924186 0.1933333333 0)
(0.403434288 0.1933333333 0)
(0.40694439 0.1933333333 0)
(0.410454492 0.1933333333 0)
(0.413964594 0.1933333333 0)
(0.417474696 0.1933333333 0)
(0.420984798 0.1933333333 0)
(0.4244949 0.1933333333 0)
(0.428005002 0.1933333333 0)
(0.431515104 0.1933333333 0)
(0.435025206 0.1933333333 0)
(0.438535308 0.1933333333 0)
(0.44204541 0.1933333333 0)
(0.445555512 0.1933333333 0)
(0.449065614 0.1933333333 0)
(0.452575716 0.1933333333 0)
(0.456085818 0.1933333333 0)
(0.45959592 0.1933333333 0)
(0.463106022 0.1933333333 0)
(0.466616124 0.1933333333 0)
(0.470126226 0.1933333333 0)
(0.473636328 0.1933333333 0)
(0.47714643 0.1933333333 0)
(0.480656532 0.1933333333 0)
(0.484166634 0.1933333333 0)
(0.487676736 0.1933333333 0)
(0.491186838 0.1933333333 0)
(0.49469694 0.1933333333 0)
(0.498207042 0.1933333333 0)
(0.501717144 0.1933333333 0)
(0.505227246 0.1933333333 0)
(0.508737348 0.1933333333 0)
(0.51224745 0.1933333333 0)
(0.515757552 0.1933333333 0)
(0.519267654 0.1933333333 0)
(0.522777756 0.1933333333 0)
(0.526287858 0.1933333333 0)
(0.52979796 0.1933333333 0)
(0.533308062 0.1933333333 0)
(0.536818164 0.1933333333 0)
(0.540328266 0.1933333333 0)
(0.543838368 0.1933333333 0)
(0.54734847 0.1933333333 0)
(0.550858572 0.1933333333 0)
(0.554368674 0.1933333333 0)
(0.557878776 0.1933333333 0)
(0.561388878 0.1933333333 0)
(0.56489898 0.1933333333 0)
(0.568409082 0.1933333333 0)
(0.571919184 0.1933333333 0)
(0.575429286 0.1933333333 0)
(0.578939388 0.1933333333 0)
(0.58244949 0.1933333333 0)
(0.585959592 0.1933333333 0)
(0.589469694 0.1933333333 0)
(0.592979796 0.1933333333 0)
(0.596489898 0.1933333333 0)
(0.6 0.1933333333 0)
(0.2489898 0.1966666667 0)
(0.252499902 0.1966666667 0)
(0.256010004 0.1966666667 0)
(0.259520106 0.1966666667 0)
(0.263030208 0.1966666667 0)
(0.26654031 0.1966666667 0)
(0.270050412 0.1966666667 0)
(0.273560514 0.1966666667 0)
(0.277070616 0.1966666667 0)
(0.280580718 0.1966666667 0)
(0.28409082 0.1966666667 0)
(0.287600922 0.1966666667 0)
(0.291111024 0.1966666667 0)
(0.294621126 0.1966666667 0)
(0.298131228 0.1966666667 0)
(0.30164133 0.1966666667 0)
(0.305151432 0.1966666667 0)
(0.308661534 0.1966666667 0)
(0.312171636 0.1966666667 0)
(0.315681738 0.1966666667 0)
(0.31919184 0.1966666667 0)
(0.322701942 0.1966666667 0)
(0.326212044 0.1966666667 0)
(0.329722146 0.1966666667 0)
(0.333232248 0.1966666667 0)
(0.33674235 0.1966666667 0)
(0.340252452 0.1966666667 0)
(0.343762554 0.1966666667 0)
(0.347272656 0.1966666667 0)
(0.350782758 0.1966666667 0)
(0.35429286 0.1966666667 0)
(0.357802962 0.1966666667 0)
(0.361313064 0.1966666667 0)
(0.364823166 0.1966666667 0)
(0.368333268 0.1966666667 0)
(0.37184337 0.1966666667 0)
(0.375353472 0.1966666667 0)
(0.378863574 0.1966666667 0)
(0.382373676 0.1966666667 0)
(0.385883778 0.1966666667 0)
(0.38939388 0.1966666667 0)
(0.392903982 0.1966666667 0)
(0.396414084 0.1966666667 0)
(0.399924186 0.1966666667 0)
(0.403434288 0.1966666667 0)
(0.40694439 0.1966666667 0)
(0.410454492 0.1966666667 0)
(0.413964594 0.1966666667 0)
(0.417474696 0.1966666667 0)
(0.420984798 0.1966666667 0)
(0.4244949 0.1966666667 0)
(0.428005002 0.1966666667 0)
(0.431515104 0.1966666667 0)
(0.435025206 0.1966666667 0)
(0.438535308 0.1966666667 0)
(0.44204541 0.1966666667 0)
(0.445555512 0.1966666667 0)
(0.449065614 0.1966666667 0)
(0.452575716 0.1966666667 0)
(0.456085818 0.1966666667 0)
(0.45959592 0.1966666667 0)
(0.463106022 0.1966666667 0)
(0.466616124 0.1966666667 0)
(0.470126226 0.1966666667 0)
(0.473636328 0.1966666667 0)
(0.47714643 0.1966666667 0)
(0.480656532 0.1966666667 0)
(0.484166634 0.1966666667 0)
(0.487676736 0.1966666667 0)
(0.491186838 0.1966666667 0)
(0.49469694 0.1966666667 0)
(0.498207042 0.1966666667 0)
(0.501717144 0.1966666667 0)
(0.505227246 0.1966666667 0)
(0.508737348 0.1966666667 0)
(0.51224745 0.1966666667 0)
(0.515757552 0.1966666667 0)
(0.519267654 0.1966666667 0)
(0.522777756 0.1966666667 0)
(0.526287858 0.1966666667 0)
(0.52979796 0.1966666667 0)
(0.533308062 0.1966666667 0)
(0.536818164 0.1966666667 0)
(0.540328266 0.1966666667 0)
(0.543838368 0.1966666667 0)
(0.54734847 0.1966666667 0)
(0.550858572 0.1966666667 0)
(0.554368674 0.1966666667 0)
(0.557878776 0.1966666667 0)
(0.561388878 0.1966666667 0)
(0.56489898 0.1966666667 0)
(0.568409082 0.1966666667 0)
(0.571919184 0.1966666667 0)
(0.575429286 0.1966666667 0)
(0.578939388 0.1966666667 0)
(0.58244949 0.1966666667 0)
(0.585959592 0.1966666667 0)
(0.589469694 0.1966666667 0)
(0.592979796 0.1966666667 0)
(0.596489898 0.1966666667 0)
(0.6 0.1966666667 0)
(0.2489898 0.2 0)
(0.252499902 0.2 0)
(0.256010004 0.2 0)
(0.259520106 0.2 0)
(0.263030208 0.2 0)
(0.26654031 0.2 0)
(0.270050412 0.2 0)
(0.273560514 0.2 0)
(0.277070616 0.2 0)
(0.280580718 0.2 0)
(0.28409082 0.2 0)
(0.287600922 0.2 0)
(0.291111024 0.2 0)
(0.294621126 0.2 0)
(0.298131228 0.2 0)
(0.30164133 0.2 0)
(0.305151432 0.2 0)
(0.308661534 0.2 0)
(0.312171636 0.2 0)
(0.315681738 0.2 0)
(0.31919184 0.2 0)
(0.322701942 0.2 0)
(0.326212044 0.2 0)
(0.329722146 0.2 0)
(0.333232248 0.2 0)
(0.33674235 0.2 0)
(0.340252452 0.2 0)
(0.343762554 0.2 0)
(0.347272656 0.2 0)
(0.350782758 0.2 0)
(0.35429286 0.2 0)
(0.357802962 0.2 0)
(0.361313064 0.2 0)
(0.364823166 0.2 0)
(0.368333268 0.2 0)
(0.37184337 0.2 0)
(0.375353472 0.2 0)
(0.378863574 0.2 0)
(0.382373676 0.2 0)
(0.385883778 0.2 0)
(0.38939388 0.2 0)
(0.392903982 0.2 0)
(0.396414084 0.2 0)
(0.399924186 0.2 0)
(0.403434288 0.2 0)
(0.40694439 0.2 0)
(0.410454492 0.2 0)
(0.413964594 0.2 0)
(0.417474696 0.2 0)
(0.420984798 0.2 0)
(0.4244949 0.2 0)
(0.428005002 0.2 0)
(0.431515104 0.2 0)
(0.435025206 0.2 0)
(0.438535308 0.2 0)
(0.44204541 0.2 0)
(0.445555512 0.2 0)
(0.449065614 0.2 0)
(0.452575716 0.2 0)
(0.456085818 0.2 0)
(0.45959592 0.2 0)
(0.463106022 0.2 0)
(0.466616124 0.2 0)
(0.470126226 0.2 0)
(0.473636328 0.2 0)
(0.47714643 0.2 0)
(0.480656532 0.2 0)
(0.484166634 0.2 0)
(0.487676736 0.2 0)
(0.491186838 0.2 0)
(0.49469694 0.2 0)
(0.498207042 0.2 0)
(0.501717144 0.2 0)
(0.505227246 0.2 0)
(0.508737348 0.2 0)
(0.51224745 0.2 0)
(0.515757552 0.2 0)
(0.519267654 0.2 0)
(0.522777756 0.2 0)
(0.526287858 0.2 0)
(0.52979796 0.2 0)
(0.533308062 0.2 0)
(0.536818164 0.2 0)
(0.540328266 0.2 0)
(0.543838368 0.2 0)
(0.54734847 0.2 0)
(0.550858572 0.2 0)
(0.554368674 0.2 0)
(0.557878776 0.2 0)
(0.561388878 0.2 0)
(0.56489898 0.2 0)
(0.568409082 0.2 0)
(0.571919184 0.2 0)
(0.575429286 0.2 0)
(0.578939388 0.2 0)
(0.58244949 0.2 0)
(0.585959592 0.2 0)
(0.589469694 0.2 0)
(0.592979796 0.2 0)
(0.596489898 0.2 0)
(0.6 0.2 0)
(0.2489898 0.2033333333 0)
(0.252499902 0.2033333333 0)
(0.256010004 0.2033333333 0)
(0.259520106 0.2033333333 0)
(0.263030208 0.2033333333 0)
(0.26654031 0.2033333333 0)
(0.270050412 0.2033333333 0)
(0.273560514 0.2033333333 0)
(0.277070616 0.2033333333 0)
(0.280580718 0.2033333333 0)
(0.28409082 0.2033333333 0)
(0.287600922 0.2033333333 0)
(0.291111024 0.2033333333 0)
(0.294621126 0.2033333333 0)
(0.298131228 0.2033333333 0)
(0.30164133 0.2033333333 0)
(0.305151432 0.2033333333 0)
(0.308661534 0.2033333333 0)
(0.312171636 0.2033333333 0)
(0.315681738 0.2033333333 0)
(0.31919184 0.2033333333 0)
(0.322701942 0.2033333333 0)
(0.326212044 0.2033333333 0)
(0.329722146 0.2033333333 0)
(0.333232248 0.2033333333 0)
(0.33674235 0.2033333333 0)
(0.340252452 0.2033333333 0)
(0.343762554 0.2033333333 0)
(0.347272656 0.2033333333 0)
(0.350782758 0.2033333333 0)
(0.35429286 0.2033333333 0)
(0.357802962 0.2033333333 0)
(0.361313064 0.2033333333 0)
(0.364823166 0.2033333333 0)
(0.368333268 0.2033333333 0)
(0.37184337 0.2033333333 0)
(0.375353472 0.2033333333 0)
(0.378863574 0.2033333333 0)
(0.382373676 0.2033333333 0)
(0.385883778 0.2033333333 0)
(0.38939388 0.2033333333 0)
(0.392903982 0.2033333333 0)
(0.396414084 0.2033333333 0)
(0.399924186 0.2033333333 0)
(0.403434288 0.2033333333 0)
(0.40694439 0.2033333333 0)
(0.410454492 0.2033333333 0)
(0.413964594 0.2033333333 0)
(0.417474696 0.2033333333 0)
(0.420984798 0.2033333333 0)
(0.4244949 0.2033333333 0)
(0.428005002 0.2033333333 0)
(0.431515104 0.2033333333 0)
(0.435025206 0.2033333333 0)
(0.438535308 0.2033333333 0)
(0.44204541 0.2033333333 0)
(0.445555512 0.2033333333 0)
(0.449065614 0.2033333333 0)
(0.452575716 0.2033333333 0)
(0.456085818 0.2033333333 0)
(0.45959592 0.2033333333 0)
(0.463106022 0.2033333333 0)
(0.466616124 0.2033333333 0)
(0.470126226 0.2033333333 0)
(0.473636328 0.2033333333 0)
(0.47714643 0.2033333333 0)
(0.480656532 0.2033333333 0)
(0.484166634 0.2033333333 0)
(0.487676736 0.2033333333 0)
(0.491186838 0.2033333333 0)
(0.49469694 0.2033333333 0)
(0.498207042 0.2033333333 0)
(0.501717144 0.2033333333 0)
(0.505227246 0.2033333333 0)
(0.508737348 0.2033333333 0)
(0.51224745 0.2033333333 0)
(0.515757552 0.2033333333 0)
(0.519267654 0.2033333333 0)
(0.522777756 0.2033333333 0)
(0.526287858 0.2033333333 0)
(0.52979796 0.2033333333 0)
(0.533308062 0.2033333333 0)
(0.536818164 0.2033333333 0)
(0.540328266 0.2033333333 0)
(0.543838368 0.2033333333 0)
(0.54734847 0.2033333333 0)
(0.550858572 0.2033333333 0)
(0.554368674 0.2033333333 0)
(0.557878776 0.2033333333 0)
(0.561388878 0.2033333333 0)
(0.56489898 0.2033333333 0)
(0.568409082 0.2033333333 0)
(0.571919184 0.2033333333 0)
(0.575429286 0.2033333333 0)
(0.578939388 0.2033333333 0)
(0.58244949 0.2033333333 0)
(0.585959592 0.2033333333 0)
(0.589469694 0.2033333333 0)
(0.592979796 0.2033333333 0)
(0.596489898 0.2033333333 0)
(0.6 0.2033333333 0)
(0.2489898 0.2066666667 0)
(0.252499902 0.2066666667 0)
(0.256010004 0.2066666667 0)
(0.259520106 0.2066666667 0)
(0.263030208 0.2066666667 0)
(0.26654031 0.2066666667 0)
(0.270050412 0.2066666667 0)
(0.273560514 0.2066666667 0)
(0.277070616 0.2066666667 0)
(0.280580718 0.2066666667 0)
(0.28409082 0.2066666667 0)
(0.287600922 0.2066666667 0)
(0.291111024 0.2066666667 0)
(0.294621126 0.2066666667 0)
(0.298131228 0.2066666667 0)
(0.30164133 0.2066666667 0)
(0.305151432 0.2066666667 0)
(0.308661534 0.2066666667 0)
(0.312171636 0.2066666667 0)
(0.315681738 0.2066666667 0)
(0.31919184 0.2066666667 0)
(0.322701942 0.2066666667 0)
(0.326212044 0.2066666667 0)
(0.329722146 0.2066666667 0)
(0.333232248 0.2066666667 0)
(0.33674235 0.2066666667 0)
(0.340252452 0.2066666667 0)
(0.343762554 0.2066666667 0)
(0.347272656 0.2066666667 0)
(0.350782758 0.2066666667 0)
(0.35429286 0.2066666667 0)
(0.357802962 0.2066666667 0)
(0.361313064 0.2066666667 0)
(0.364823166 0.2066666667 0)
(0.368333268 0.2066666667 0)
(0.37184337 0.2066666667 0)
(0.375353472 0.2066666667 0)
(0.378863574 0.2066666667 0)
(0.382373676 0.2066666667 0)
(0.385883778 0.2066666667 0)
(0.38939388 0.2066666667 0)
(0.392903982 0.2066666667 0)
(0.396414084 0.2066666667 0)
(0.399924186 0.2066666667 0)
(0.403434288 0.2066666667 0)
(0.40694439 0.2066666667 0)
(0.410454492 0.2066666667 0)
(0.413964594 0.2066666667 0)
(0.417474696 0.2066666667 0)
(0.420984798 0.2066666667 0)
(0.4244949 0.2066666667 0)
(0.428005002 0.2066666667 0)
(0.431515104 0.2066666667 0)
(0.435025206 0.2066666667 0)
(0.438535308 0.2066666667 0)
(0.44204541 0.2066666667 0)
(0.445555512 0.2066666667 0)
(0.449065614 0.2066666667 0)
(0.452575716 0.2066666667 0)
(0.456085818 0.2066666667 0)
(0.45959592 0.2066666667 0)
(0.463106022 0.2066666667 0)
(0.466616124 0.2066666667 0)
(0.470126226 0.2066666667 0)
(0.473636328 0.2066666667 0)
(0.47714643 0.2066666667 0)
(0.480656532 0.2066666667 0)
(0.484166634 0.2066666667 0)
(0.487676736 0.2066666667 0)
(0.491186838 0.2066666667 0)
(0.49469694 0.2066666667 0)
(0.498207042 0.2066666667 0)
(0.501717144 0.2066666667 0)
(0.505227246 0.2066666667 0)
(0.508737348 0.2066666667 0)
(0.51224745 0.2066666667 0)
(0.515757552 0.2066666667 0)
(0.519267654 0.2066666667 0)
(0.522777756 0.2066666667 0)
(0.526287858 0.2066666667 0)
(0.52979796 0.2066666667 0)
(0.533308062 0.2066666667 0)
(0.536818164 0.2066666667 0)
(0.540328266 0.2066666667 0)
(0.543838368 0.2066666667 0)
(0.54734847 0.2066666667 0)
(0.550858572 0.2066666667 0)
(0.554368674 0.2066666667 0)
(0.557878776 0.2066666667 0)
(0.561388878 0.2066666667 0)
(0.56489898 0.2066666667 0)
(0.568409082 0.2066666667 0)
(0.571919184 0.2066666667 0)
(0.575429286 0.2066666667 0)
(0.578939388 0.2066666667 0)
(0.58244949 0.2066666667 0)
(0.585959592 0.2066666667 0)
(0.589469694 0.2066666667 0)
(0.592979796 0.2066666667 0)
(0.596489898 0.2066666667 0)
(0.6 0.2066666667 0)
(0.2489898 0.21 0)
(0.252499902 0.21 0)
(0.256010004 0.21 0)
(0.259520106 0.21 0)
(0.263030208 0.21 0)
(0.26654031 0.21 0)
(0.270050412 0.21 0)
(0.273560514 0.21 0)
(0.277070616 0.21 0)
(0.280580718 0.21 0)
(0.28409082 0.21 0)
(0.287600922 0.21 0)
(0.291111024 0.21 0)
(0.294621126 0.21 0)
(0.298131228 0.21 0)
(0.30164133 0.21 0)
(0.305151432 0.21 0)
(0.308661534 0.21 0)
(0.312171636 0.21 0)
(0.315681738 0.21 0)
(0.31919184 0.21 0)
(0.322701942 0.21 0)
(0.326212044 0.21 0)
(0.329722146 0.21 0)
(0.333232248 0.21 0)
(0.33674235 0.21 0)
(0.340252452 0.21 0)
(0.343762554 0.21 0)
(0.347272656 0.21 0)
(0.350782758 0.21 0)
(0.35429286 0.21 0)
(0.357802962 0.21 0)
(0.361313064 0.21 0)
(0.364823166 0.21 0)
(0.368333268 0.21 0)
(0.37184337 0.21 0)
(0.375353472 0.21 0)
(0.378863574 0.21 0)
(0.382373676 0.21 0)
(0.385883778 0.21 0)
(0.38939388 0.21 0)
(0.392903982 0.21 0)
(0.396414084 0.21 0)
(0.399924186 0.21 0)
(0.403434288 0.21 0)
(0.40694439 0.21 0)
(0.410454492 0.21 0)
(0.413964594 0.21 0)
(0.417474696 0.21 0)
(0.420984798 0.21 0)
(0.4244949 0.21 0)
(0.428005002 0.21 0)
(0.431515104 0.21 0)
(0.435025206 0.21 0)
(0.438535308 0.21 0)
(0.44204541 0.21 0)
(0.445555512 0.21 0)
(0.449065614 0.21 0)
(0.452575716 0.21 0)
(0.456085818 0.21 0)
(0.45959592 0.21 0)
(0.463106022 0.21 0)
(0.466616124 0.21 0)
(0.470126226 0.21 0)
(0.473636328 0.21 0)
(0.47714643 0.21 0)
(0.480656532 0.21 0)
(0.484166634 0.21 0)
(0.487676736 0.21 0)
(0.491186838 0.21 0)
(0.49469694 0.21 0)
(0.498207042 0.21 0)
(0.501717144 0.21 0)
(0.505227246 0.21 0)
(0.508737348 0.21 0)
(0.51224745 0.21 0)
(0.515757552 0.21 0)
(0.519267654 0.21 0)
(0.522777756 0.21 0)
(0.526287858 0.21 0)
(0.52979796 0.21 0)
(0.533308062 0.21 0)
(0.536818164 0.21 0)
(0.540328266 0.21 0)
(0.543838368 0.21 0)
(0.54734847 0.21 0)
(0.550858572 0.21 0)
(0.554368674 0.21 0)
(0.557878776 0.21 0)
(0.561388878 0.21 0)
(0.56489898 0.21 0)
(0.568409082 0.21 0)
(0.571919184 0.21 0)
(0.575429286 0.21 0)
(0.578939388 0.21 0)
(0.58244949 0.21 0)
(0.585959592 0.21 0)
(0.589469694 0.21 0)
(0.592979796 0.21 0)
(0.596489898 0.21 0)
(0.6 0.21 0)
(0.2489898 0.19 0.015)
(0.252499902 0.19 0.015)
(0.256010004 0.19 0.015)
(0.259520106 0.19 0.015)
(0.263030208 0.19 0.015)
(0.26654031 0.19 0.015)
(0.270050412 0.19 0.015)
(0.273560514 0.19 0.015)
(0.277070616 0.19 0.015)
(0.280580718 0.19 0.015)
(0.28409082 0.19 0.015)
(0.287600922 0.19 0.015)
(0.291111024 0.19 0.015)
(0.294621126 0.19 0.015)
(0.298131228 0.19 0.015)
(0.30164133 0.19 0.015)
(0.305151432 0.19 0.015)
(0.308661534 0.19 0.015)
(0.312171636 0.19 0.015)
(0.315681738 0.19 0.015)
(0.31919184 0.19 0.015)
(0.322701942 0.19 0.015)
(0.326212044 0.19 0.015)
(0.329722146 0.19 0.015)
(0.333232248 0.19 0.015)
(0.33674235 0.19 0.015)
(0.340252452 0.19 0.015)
(0.343762554 0.19 0.015)
(0.347272656 0.19 0.015)
(0.350782758 0.19 0.015)
(0.35429286 0.19 0.015)
(0.357802962 0.19 0.015)
(0.361313064 0.19 0.015)
(0.364823166 0.19 0.015)
(0.368333268 0.19 0.015)
(0.37184337 0.19 0.015)
(0.375353472 0.19 0.015)
(0.378863574 0.19 0.015)
(0.382373676 0.19 0.015)
(0.385883778 0.19 0.015)
(0.38939388 0.19 0.015)
(0.392903982 0.19 0.015)
(0.396414084 0.19 0.015)
(0.399924186 0.19 0.015)
(0.403434288 0.19 0.015)
(0.40694439 0.19 0.015)
(0.410454492 0.19 0.015)
(0.413964594 0.19 0.015)
(0.417474696 0.19 0.015)
(0.420984798 0.19 0.015)
(0.4244949 0.19 0.015)
(0.428005002 0.19 0.015)
(0.431515104 0.19 0.015)
(0.435025206 0.19 0.015)
(0.438535308 0.19 0.015)
(0.44204541 0.19 0.015)
(0.445555512 0.19 0.015)
(0.449065614 0.19 0.015)
(0.452575716 0.19 0.015)
(0.456085818 0.19 0.015)
(0.45959592 0.19 0.015)
(0.463106022 0.19 0.015)
(0.466616124 0.19 0.015)
(0.470126226 0.19 0.015)
(0.473636328 0.19 0.015)
(0.47714643 0.19 0.015)
(0.480656532 0.19 0.015)
(0.484166634 0.19 0.015)
(0.487676736 0.19 0.015)
(0.491186838 0.19 0.015)
(0.49469694 0.19 0.015)
(0.498207042 0.19 0.015)
(0.501717144 0.19 0.015)
(0.505227246 0.19 0.015)
(0.508737348 0.19 0.015)
(0.51224745 0.19 0.015)
(0.515757552 0.19 0.015)
(0.519267654 0.19 0.015)
(0.522777756 0.19 0.015)
(0.526287858 0.19 0.015)
(0.52979796 0.19 0.015)
(0.533308062 0.19 0.015)
(0.536818164 0.19 0.015)
(0.540328266 0.19 0.015)
(0.543838368 0.19 0.015)
(0.54734847 0.19 0.015)
(0.550858572 0.19 0.015)
(0.554368674 0.19 0.015)
(0.557878776 0.19 0.015)
(0.561388878 0.19 0.015)
(0.56489898 0.19 0.015)
(0.568409082 0.19 0.015)
(0.571919184 0.19 0.015)
(0.575429286 0.19 0.015)
(0.578939388 0.19 0.015)
(0.58244949 0.19 0.015)
(0.585959592 0.19 0.015)
(0.589469694 0.19 0.015)
(0.592979796 0.19 0.015)
(0.596489898 0.19 0.015)
(0.6 0.19 0.015)
(0.2489898 0.1933333333 0.015)
(0.252499902 0.1933333333 0.015)
(0.256010004 0.1933333333 0.015)
(0.259520106 0.1933333333 0.015)
(0.263030208 0.1933333333 0.015)
(0.26654031 0.1933333333 0.015)
(0.270050412 0.1933333333 0.015)
(0.273560514 0.1933333333 0.015)
(0.277070616 0.1933333333 0.015)
(0.280580718 0.1933333333 0.015)
(0.28409082 0.1933333333 0.015)
(0.287600922 0.1933333333 0.015)
(0.291111024 0.1933333333 0.015)
(0.294621126 0.1933333333 0.015)
(0.298131228 0.1933333333 0.015)
(0.30164133 0.1933333333 0.015)
(0.305151432 0.1933333333 0.015)
(0.308661534 0.1933333333 0.015)
(0.312171636 0.1933333333 0.015)
(0.315681738 0.1933333333 0.015)
(0.31919184 0.1933333333 0.015)
(0.322701942 0.1933333333 0.015)
(0.326212044 0.1933333333 0.015)
(0.329722146 0.1933333333 0.015)
(0.333232248 0.1933333333 0.015)
(0.33674235 0.1933333333 0.015)
(0.340252452 0.1933333333 0.015)
(0.343762554 0.1933333333 0.015)
(0.347272656 0.1933333333 0.015)
(0.350782758 0.1933333333 0.015)
(0.35429286 0.1933333333 0.015)
(0.357802962 0.1933333333 0.015)
(0.361313064 0.1933333333 0.015)
(0.364823166 0.1933333333 0.015)
(0.368333268 0.1933333333 0.015)
(0.37184337 0.1933333333 0.015)
(0.375353472 0.1933333333 0.015)
(0.378863574 0.1933333333 0.015)
(0.382373676 0.1933333333 0.015)
(0.385883778 0.1933333333 0.015)
(0.38939388 0.1933333333 0.015)
(0.392903982 0.1933333333 0.015)
(0.396414084 0.1933333333 0.015)
(0.399924186 0.1933333333 0.015)
(0.403434288 0.1933333333 0.015)
(0.40694439 0.1933333333 0.015)
(0.410454492 0.1933333333 0.015)
(0.413964594 0.1933333333 0.015)
(0.417474696 0.1933333333 0.015)
(0.420984798 0.1933333333 0.015)
(0.4244949 0.1933333333 0.015)
(0.428005002 0.1933333333 0.015)
(0.431515104 0.1933333333 0.015)
(0.435025206 0.1933333333 0.015)
(0.438535308 0.1933333333 0.015)
(0.44204541 0.1933333333 0.015)
(0.445555512 0.1933333333 0.015)
(0.449065614 0.1933333333 0.015)
(0.452575716 0.1933333333 0.015)
(0.456085818 0.1933333333 0.015)
(0.45959592 0.1933333333 0.015)
(0.463106022 0.1933333333 0.015)
(0.466616124 0.1933333333 0.015)
(0.470126226 0.1933333333 0.015)
(0.473636328 0.1933333333 0.015)
(0.47714643 0.1933333333 0.015)
(0.480656532 0.1933333333 0.015)
(0.484166634 0.1933333333 0.015)
(0.487676736 0.1933333333 0.015)
(0.491186838 0.1933333333 0.015)
(0.49469694 0.1933333333 0.015)
(0.498207042 0.1933333333 0.015)
(0.501717144 0.1933333333 0.015)
(0.505227246 0.1933333333 0.015)
(0.508737348 0.1933333333 0.015)
(0.51224745 0.1933333333 0.015)
(0.515757552 0.1933333333 0.015)
(0.519267654 0.1933333333 0.015)
(0.522777756 0.1933333333 0.015)
(0.526287858 0.1933333333 0.015)
(0.52979796 0.1933333333 0.015)
(0.533308062 0.1933333333 0.015)
(0.536818164 0.1933333333 0.015)
(0.540328266 0.1933333333 0.015)
(0.543838368 0.1933333333 0.015)
(0.54734847 0.1933333333 0.015)
(0.550858572 0.1933333333 0.015)
(0.554368674 0.1933333333 0.015)
(0.557878776 0.1933333333 0.015)
(0.561388878 0.1933333333 0.015)
(0.56489898 0.1933333333 0.015)
(0.568409082 0.1933333333 0.015)
(0.571919184 0.1933333333 0.015)
(0.575429286 0.1933333333 0.015)
(0.578939388 0.1933333333 0.015)
(0.58244949 0.1933333333 0.015)
(0.585959592 0.1933333333 0.015)
(0.589469694 0.1933333333 0.015)
(0.592979796 0.1933333333 0.015)
(0.596489898 0.1933333333 0.015)
(0.6 0.1933333333 0.015)
(0.2489898 0.1966666667 0.015)
(0.252499902 0.1966666667 0.015)
(0.256010004 0.1966666667 0.015)
(0.259520106 0.1966666667 0.015)
(0.263030208 0.1966666667 0.015)
(0.26654031 0.1966666667 0.015)
(0.270050412 0.1966666667 0.015)
(0.273560514 0.1966666667 0.015)
(0.277070616 0.1966666667 0.015)
(0.280580718 0.1966666667 0.015)
(0.28409082 0.1966666667 0.015)
(0.287600922 0.1966666667 0.015)
(0.291111024 0.1966666667 0.015)
(0.294621126 0.1966666667 0.015)
(0.298131228 0.1966666667 0.015)
(0.30164133 0.1966666667 0.015)
(0.305151432 0.1966666667 0.015)
(0.308661534 0.1966666667 0.015)
(0.312171636 0.1966666667 0.015)
(0.315681738 0.1966666667 0.015)
(0.31919184 0.1966666667 0.015)
(0.322701942 0.1966666667 0.015)
(0.326212044 0.1966666667 0.015)
(0.329722146 0.1966666667 0.015)
(0.333232248 0.1966666667 0.015)
(0.33674235 0.1966666667 0.015)
(0.340252452 0.1966666667 0.015)
(0.343762554 0.1966666667 0.015)
(0.347272656 0.1966666667 0.015)
(0.350782758 0.1966666667 0.015)
(0.35429286 0.1966666667 0.015)
(0.357802962 0.1966666667 0.015)
(0.361313064 0.1966666667 0.015)
(0.364823166 0.1966666667 0.015)
(0.368333268 0.1966666667 0.015)
(0.37184337 0.1966666667 0.015)
(0.375353472 0.1966666667 0.015)
(0.378863574 0.1966666667 0.015)
(0.382373676 0.1966666667 0.015)
(0.385883778 0.1966666667 0.015)
(0.38939388 0.1966666667 0.015)
(0.392903982 0.1966666667 0.015)
(0.396414084 0.1966666667 0.015)
(0.399924186 0.1966666667 0.015)
(0.403434288 0.1966666667 0.015)
(0.40694439 0.1966666667 0.015)
(0.410454492 0.1966666667 0.015)
(0.413964594 0.1966666667 0.015)
(0.417474696 0.1966666667 0.015)
(0.420984798 0.1966666667 0.015)
(0.4244949 0.1966666667 0.015)
(0.428005002 0.1966666667 0.015)
(0.431515104 0.1966666667 0.015)
(0.435025206 0.1966666667 0.015)
(0.438535308 0.1966666667 0.015)
(0.44204541 0.1966666667 0.015)
(0.445555512 0.1966666667 0.015)
(0.449065614 0.1966666667 0.015)
(0.452575716 0.1966666667 0.015)
(0.456085818 0.1966666667 0.015)
(0.45959592 0.1966666667 0.015)
(0.463106022 0.1966666667 0.015)
(0.466616124 0.1966666667 0.015)
(0.470126226 0.1966666667 0.015)
(0.473636328 0.1966666667 0.015)
(0.47714643 0.1966666667 0.015)
(0.480656532 0.1966666667 0.015)
(0.484166634 0.1966666667 0.015)
(0.487676736 0.1966666667 0.015)
(0.491186838 0.1966666667 0.015)
(0.49469694 0.1966666667 0.015)
(0.498207042 0.1966666667 0.015)
(0.501717144 0.1966666667 0.015)
(0.505227246 0.1966666667 0.015)
(0.508737348 0.1966666667 0.015)
(0.51224745 0.1966666667 0.015)
(0.515757552 0.1966666667 0.015)
(0.519267654 0.1966666667 0.015)
(0.522777756 0.1966666667 0.015)
(0.526287858 0.1966666667 0.015)
(0.52979796 0.1966666667 0.015)
(0.533308062 0.1966666667 0.015)
(0.536818164 0.1966666667 0.015)
(0.540328266 0.1966666667 0.015)
(0.543838368 0.1966666667 0.015)
(0.54734847 0.1966666667 0.015)
(0.550858572 0.1966666667 0.015)
(0.554368674 0.1966666667 0.015)
(0.557878776 0.1966666667 0.015)
(0.561388878 0.1966666667 0.015)
(0.56489898 0.1966666667 0.015)
(0.568409082 0.1966666667 0.015)
(0.571919184 0.1966666667 0.015)
(0.575429286 0.1966666667 0.015)
(0.578939388 0.1966666667 0.015)
(0.58244949 0.1966666667 0.015)
(0.585959592 0.1966666667 0.015)
(0.589469694 0.1966666667 0.015)
(0.592979796 0.1966666667 0.015)
(0.596489898 0.1966666667 0.015)
(0.6 0.1966666667 0.015)
(0.2489898 0.2 0.015)
(0.252499902 0.2 0.015)
(0.256010004 0.2 0.015)
(0.259520106 0.2 0.015)
(0.263030208 0.2 0.015)
(0.26654031 0.2 0.015)
(0.270050412 0.2 0.015)
(0.273560514 0.2 0.015)
(0.277070616 0.2 0.015)
(0.280580718 0.2 0.015)
(0.28409082 0.2 0.015)
(0.287600922 0.2 0.015)
(0.291111024 0.2 0.015)
(0.294621126 0.2 0.015)
(0.298131228 0.2 0.015)
(0.30164133 0.2 0.015)
(0.305151432 0.2 0.015)
(0.308661534 0.2 0.015)
(0.312171636 0.2 0.015)
(0.315681738 0.2 0.015)
(0.31919184 0.2 0.015)
(0.322701942 0.2 0.015)
(0.326212044 0.2 0.015)
(0.329722146 0.2 0.015)
(0.333232248 0.2 0.015)
(0.33674235 0.2 0.015)
(0.340252452 0.2 0.015)
(0.343762554 0.2 0.015)
(0.347272656 0.2 0.015)
(0.350782758 0.2 0.015)
(0.35429286 0.2 0.015)
(0.357802962 0.2 0.015)
(0.361313064 0.2 0.015)
(0.364823166 0.2 0.015)
(0.368333268 0.2 0.015)
(0.37184337 0.2 0.015)
(0.375353472 0.2 0.015)
(0.378863574 0.2 0.015)
(0.382373676 0.2 0.015)
(0.385883778 0.2 0.015)
(0.38939388 0.2 0.015)
(0.392903982 0.2 0.015)
(0.396414084 0.2 0.015)
(0.399924186 0.2 0.015)
(0.403434288 0.2 0.015)
(0.40694439 0.2 0.015)
(0.410454492 0.2 0.015)
(0.413964594 0.2 0.015)
(0.417474696 0.2 0.015)
(0.420984798 0.2 0.015)
(0.4244949 0.2 0.015)
(0.428005002 0.2 0.015)
(0.431515104 0.2 0.015)
(0.435025206 0.2 0.015)
(0.438535308 0.2 0.015)
(0.44204541 0.2 0.015)
(0.445555512 0.2 0.015)
(0.449065614 0.2 0.015)
(0.452575716 0.2 0.015)
(0.456085818 0.2 0.015)
(0.45959592 0.2 0.015)
(0.463106022 0.2 0.015)
(0.466616124 0.2 0.015)
(0.470126226 0.2 0.015)
(0.473636328 0.2 0.015)
(0.47714643 0.2 0.015)
(0.480656532 0.2 0.015)
(0.484166634 0.2 0.015)
(0.487676736 0.2 0.015)
(0.491186838 0.2 0.015)
(0.49469694 0.2 0.015)
(0.498207042 0.2 0.015)
(0.501717144 0.2 0.015)
(0.505227246 0.2 0.015)
(0.508737348 0.2 0.015)
(0.51224745 0.2 0.015)
(0.515757552 0.2 0.015)
(0.519267654 0.2 0.015)
(0.522777756 0.2 0.015)
(0.526287858 0.2 0.015)
(0.52979796 0.2 0.015)
(0.533308062 0.2 0.015)
(0.536818164 0.2 0.015)
(0.540328266 0.2 0.015)
(0.543838368 0.2 0.015)
(0.54734847 0.2 0.015)
(0.550858572 0.2 0.015)
(0.554368674 0.2 0.015)
(0.557878776 0.2 0.015)
(0.561388878 0.2 0.015)
(0.56489898 0.2 0.015)
(0.568409082 0.2 0.015)
(0.571919184 0.2 0.015)
(0.575429286 0.2 0.015)
(0.578939388 0.2 0.015)
(0.58244949 0.2 0.015)
(0.585959592 0.2 0.015)
(0.589469694 0.2 0.015)
(0.592979796 0.2 0.015)
(0.596489898 0.2 0.015)
(0.6 0.2 0.015)
(0.2489898 0.2033333333 0.015)
(0.252499902 0.2033333333 0.015)
(0.256010004 0.2033333333 0.015)
(0.259520106 0.2033333333 0.015)
(0.263030208 0.2033333333 0.015)
(0.26654031 0.2033333333 0.015)
(0.270050412 0.2033333333 0.015)
(0.273560514 0.2033333333 0.015)
(0.277070616 0.2033333333 0.015)
(0.280580718 0.2033333333 0.015)
(0.28409082 0.2033333333 0.015)
(0.287600922 0.2033333333 0.015)
(0.291111024 0.2033333333 0.015)
(0.294621126 0.2033333333 0.015)
(0.298131228 0.2033333333 0.015)
(0.30164133 0.2033333333 0.015)
(0.305151432 0.2033333333 0.015)
(0.308661534 0.2033333333 0.015)
(0.312171636 0.2033333333 0.015)
(0.315681738 0.2033333333 0.015)
(0.31919184 0.2033333333 0.015)
(0.322701942 0.2033333333 0.015)
(0.326212044 0.2033333333 0.015)
(0.329722146 0.2033333333 0.015)
(0.333232248 0.2033333333 0.015)
(0.33674235 0.2033333333 0.015)
(0.340252452 0.2033333333 0.015)
(0.343762554 0.2033333333 0.015)
(0.347272656 0.2033333333 0.015)
(0.350782758 0.2033333333 0.015)
(0.35429286 0.2033333333 0.015)
(0.357802962 0.2033333333 0.015)
(0.361313064 0.2033333333 0.015)
(0.364823166 0.2033333333 0.015)
(0.368333268 0.2033333333 0.015)
(0.37184337 0.2033333333 0.015)
(0.375353472 0.2033333333 0.015)
(0.378863574 0.2033333333 0.015)
(0.382373676 0.2033333333 0.015)
(0.385883778 0.2033333333 0.015)
(0.38939388 0.2033333333 0.015)
(0.392903982 0.2033333333 0.015)
(0.396414084 0.2033333333 0.015)
(0.399924186 0.2033333333 0.015)
(0.403434288 0.2033333333 0.015)
(0.40694439 0.2033333333 0.015)
(0.410454492 0.2033333333 0.015)
(0.413964594 0.2033333333 0.015)
(0.417474696 0.2033333333 0.015)
(0.420984798 0.2033333333 0.015)
(0.4244949 0.2033333333 0.015)
(0.428005002 0.2033333333 0.015)
(0.431515104 0.2033333333 0.015)
(0.435025206 0.2033333333 0.015)
(0.438535308 0.2033333333 0.015)
(0.44204541 0.2033333333 0.015)
(0.445555512 0.2033333333 0.015)
(0.449065614 0.2033333333 0.015)
(0.452575716 0.2033333333 0.015)
(0.456085818 0.2033333333 0.015)
(0.45959592 0.2033333333 0.015)
(0.463106022 0.2033333333 0.015)
(0.466616124 0.2033333333 0.015)
(0.470126226 0.2033333333 0.015)
(0.473636328 0.2033333333 0.015)
(0.47714643 0.2033333333 0.015)
(0.480656532 0.2033333333 0.015)
(0.484166634 0.2033333333 0.015)
(0.487676736 0.2033333333 0.015)
(0.491186838 0.2033333333 0.015)
(0.49469694 0.2033333333 0.015)
(0.498207042 0.2033333333 0.015)
(0.501717144 0.2033333333 0.015)
(0.505227246 0.2033333333 0.015)
(0.508737348 0.2033333333 0.015)
(0.51224745 0.2033333333 0.015)
(0.515757552 0.2033333333 0.015)
(0.519267654 0.2033333333 0.015)
(0.522777756 0.2033333333 0.015)
(0.526287858 0.2033333333 0.015)
(0.52979796 0.2033333333 0.015)
(0.533308062 0.2033333333 0.015)
(0.536818164 0.2033333333 0.015)
(0.540328266 0.2033333333 0.015)
(0.543838368 0.2033333333 0.015)
(0.54734847 0.2033333333 0.015)
(0.550858572 0.2033333333 0.015)
(0.554368674 0.2033333333 0.015)
(0.557878776 0.2033333333 0.015)
(0.561388878 0.2033333333 0.015)
(0.56489898 0.2033333333 0.015)
(0.568409082 0.2033333333 0.015)
(0.571919184 0.2033333333 0.015)
(0.575429286 0.2033333333 0.015)
(0.578939388 0.2033333333 0.015)
(0.58244949 0.2033333333 0.015)
(0.585959592 0.2033333333 0.015)
(0.589469694 0.2033333333 0.015)
(0.592979796 0.2033333333 0.015)
(0.596489898 0.2033333333 0.015)
(0.6 0.2033333333 0.015)
(0.2489898 0.2066666667 0.015)
(0.252499902 0.2066666667 0.015)
(0.256010004 0.2066666667 0.015)
(0.259520106 0.2066666667 0.015)
(0.263030208 0.2066666667 0.015)
(0.26654031 0.2066666667 0.015)
(0.270050412 0.2066666667 0.015)
(0.273560514 0.2066666667 0.015)
(0.277070616 0.2066666667 0.015)
(0.280580718 0.2066666667 0.015)
(0.28409082 0.2066666667 0.015)
(0.287600922 0.2066666667 0.015)
(0.291111024 0.2066666667 0.015)
(0.294621126 0.2066666667 0.015)
(0.298131228 0.2066666667 0.015)
(0.30164133 0.2066666667 0.015)
(0.305151432 0.2066666667 0.015)
(0.308661534 0.2066666667 0.015)
(0.312171636 0.2066666667 0.015)
(0.315681738 0.2066666667 0.015)
(0.31919184 0.2066666667 0.015)
(0.322701942 0.2066666667 0.015)
(0.326212044 0.2066666667 0.015)
(0.329722146 0.2066666667 0.015)
(0.333232248 0.2066666667 0.015)
(0.33674235 0.2066666667 0.015)
(0.340252452 0.2066666667 0.015)
(0.343762554 0.2066666667 0.015)
(0.347272656 0.2066666667 0.015)
(0.350782758 0.2066666667 0.015)
(0.35429286 0.2066666667 0.015)
(0.357802962 0.2066666667 0.015)
(0.361313064 0.2066666667 0.015)
(0.364823166 0.2066666667 0.015)
(0.368333268 0.2066666667 0.015)
(0.37184337 0.2066666667 0.015)
(0.375353472 0.2066666667 0.015)
(0.378863574 0.2066666667 0.015)
(0.382373676 0.2066666667 0.015)
(0.385883778 0.2066666667 0.015)
(0.38939388 0.2066666667 0.015)
(0.392903982 0.2066666667 0.015)
(0.396414084 0.2066666667 0.015)
(0.399924186 0.2066666667 0.015)
(0.403434288 0.2066666667 0.015)
(0.40694439 0.2066666667 0.015)
(0.410454492 0.2066666667 0.015)
(0.413964594 0.2066666667 0.015)
(0.417474696 0.2066666667 0.015)
(0.420984798 0.2066666667 0.015)
(0.4244949 0.2066666667 0.015)
(0.428005002 0.2066666667 0.015)
(0.431515104 0.2066666667 0.015)
(0.435025206 0.2066666667 0.015)
(0.438535308 0.2066666667 0.015)
(0.44204541 0.2066666667 0.015)
(0.445555512 0.2066666667 0.015)
(0.449065614 0.2066666667 0.015)
(0.452575716 0.2066666667 0.015)
(0.456085818 0.2066666667 0.015)
(0.45959592 0.2066666667 0.015)
(0.463106022 0.2066666667 0.015)
(0.466616124 0.2066666667 0.015)
(0.470126226 0.2066666667 0.015)
(0.473636328 0.2066666667 0.015)
(0.47714643 0.2066666667 0.015)
(0.480656532 0.2066666667 0.015)
(0.484166634 0.2066666667 0.015)
(0.487676736 0.2066666667 0.015)
(0.491186838 0.2066666667 0.015)
(0.49469694 0.2066666667 0.015)
(0.498207042 0.2066666667 0.015)
(0.501717144 0.2066666667 0.015)
(0.505227246 0.2066666667 0.015)
(0.508737348 0.2066666667 0.015)
(0.51224745 0.2066666667 0.015)
(0.515757552 0.2066666667 0.015)
(0.519267654 0.2066666667 0.015)
(0.522777756 0.2066666667 0.015)
(0.526287858 0.2066666667 0.015)
(0.52979796 0.2066666667 0.015)
(0.533308062 0.2066666667 0.015)
(0.536818164 0.2066666667 0.015)
(0.540328266 0.2066666667 0.015)
(0.543838368 0.2066666667 0.015)
(0.54734847 0.2066666667 0.015)
(0.550858572 0.2066666667 0.015)
(0.554368674 0.2066666667 0.015)
(0.557878776 0.2066666667 0.015)
(0.561388878 0.2066666667 0.015)
(0.56489898 0.2066666667 0.015)
(0.568409082 0.2066666667 0.015)
(0.571919184 0.2066666667 0.015)
(0.575429286 0.2066666667 0.015)
(0.578939388 0.2066666667 0.015)
(0.58244949 0.2066666667 0.015)
(0.585959592 0.2066666667 0.015)
(0.589469694 0.2066666667 0.015)
(0.592979796 0.2066666667 0.015)
(0.596489898 0.2066666667 0.015)
(0.6 0.2066666667 0.015)
(0.2489898 0.21 0.015)
(0.252499902 0.21 0.015)
(0.256010004 0.21 0.015)
(0.259520106 0.21 0.015)
(0.263030208 0.21 0.015)
(0.26654031 0.21 0.015)
(0.270050412 0.21 0.015)
(0.273560514 0.21 0.015)
(0.277070616 0.21 0.015)
(0.280580718 0.21 0.015)
(0.28409082 0.21 0.015)
(0.287600922 0.21 0.015)
(0.291111024 0.21 0.015)
(0.294621126 0.21 0.015)
(0.298131228 0.21 0.015)
(0.30164133 0.21 0.015)
(0.305151432 0.21 0.015)
(0.308661534 0.21 0.015)
(0.312171636 0.21 0.015)
(0.315681738 0.21 0.015)
(0.31919184 0.21 0.015)
(0.322701942 0.21 0.015)
(0.326212044 0.21 0.015)
(0.329722146 0.21 0.015)
(0.333232248 0.21 0.015)
(0.33674235 0.21 0.015)
(0.340252452 0.21 0.015)
(0.343762554 0.21 0.015)
(0.347272656 0.21 0.015)
(0.350782758 0.21 0.015)
(0.35429286 0.21 0.015)
(0.357802962 0.21 0.015)
(0.361313064 0.21 0.015)
(0.364823166 0.21 0.015)
(0.368333268 0.21 0.015)
(0.37184337 0.21 0.015)
(0.375353472 0.21 0.015)
(0.378863574 0.21 0.015)
(0.382373676 0.21 0.015)
(0.385883778 0.21 0.015)
(0.38939388 0.21 0.015)
(0.392903982 0.21 0.015)
(0.396414084 0.21 0.015)
(0.399924186 0.21 0.015)
(0.403434288 0.21 0.015)
(0.40694439 0.21 0.015)
(0.410454492 0.21 0.015)
(0.413964594 0.21 0.015)
(0.417474696 0.21 0.015)
(0.420984798 0.21 0.015)
(0.4244949 0.21 0.015)
(0.428005002 0.21 0.015)
(0.431515104 0.21 0.015)
(0.435025206 0.21 0.015)
(0.438535308 0.21 0.015)
(0.44204541 0.21 0.015)
(0.445555512 0.21 0.015)
(0.449065614 0.21 0.015)
(0.452575716 0.21 0.015)
(0.456085818 0.21 0.015)
(0.45959592 0.21 0.015)
(0.463106022 0.21 0.015)
(0.466616124 0.21 0.015)
(0.470126226 0.21 0.015)
(0.473636328 0.21 0.015)
(0.47714643 0.21 0.015)
(0.480656532 0.21 0.015)
(0.484166634 0.21 0.015)
(0.487676736 0.21 0.015)
(0.491186838 0.21 0.015)
(0.49469694 0.21 0.015)
(0.498207042 0.21 0.015)
(0.501717144 0.21 0.015)
(0.505227246 0.21 0.015)
(0.508737348 0.21 0.015)
(0.51224745 0.21 0.015)
(0.515757552 0.21 0.015)
(0.519267654 0.21 0.015)
(0.522777756 0.21 0.015)
(0.526287858 0.21 0.015)
(0.52979796 0.21 0.015)
(0.533308062 0.21 0.015)
(0.536818164 0.21 0.015)
(0.540328266 0.21 0.015)
(0.543838368 0.21 0.015)
(0.54734847 0.21 0.015)
(0.550858572 0.21 0.015)
(0.554368674 0.21 0.015)
(0.557878776 0.21 0.015)
(0.561388878 0.21 0.015)
(0.56489898 0.21 0.015)
(0.568409082 0.21 0.015)
(0.571919184 0.21 0.015)
(0.575429286 0.21 0.015)
(0.578939388 0.21 0.015)
(0.58244949 0.21 0.015)
(0.585959592 0.21 0.015)
(0.589469694 0.21 0.015)
(0.592979796 0.21 0.015)
(0.596489898 0.21 0.015)
(0.6 0.21 0.015)
)


// ************************************************************************* //
